3
0 832
1 1180
2 2061
3 971
4 1097
5 1943
6 1469
7 1897
8 1112
9 1015
10 1342
11 1475
12 1767
13 1867
14 1736
15 873
16 1146
17 896
18 921
19 1328
0	0	0.0
0	1	527.4590031462161
0	2	756.9108269802989
0	3	546.9122415890871
0	4	442.09614338964775
0	5	195.57607215607945
0	6	634.814146030159
0	7	691.272015924267
0	8	471.9586846324581
0	9	399.1641266446673
0	10	707.7202837279712
0	11	294.0697196244455
0	12	97.32933781753577
0	13	21.02379604162864
0	14	460.5844113732031
0	15	443.90652169122274
0	16	648.269234192091
0	17	204.07106605298068
0	18	205.0
0	19	742.7523140320735
1	0	527.4590031462161
1	1	0.0
1	2	414.8120056121809
1	3	313.12936623702353
1	4	846.2860036654275
1	5	357.179226719584
1	6	859.6243365563821
1	7	708.7397265569357
1	8	483.64656516923594
1	9	925.6160110974745
1	10	516.852977160817
1	11	527.0597689067151
1	12	619.6660390887982
1	13	543.8133871099534
1	14	312.1297807002722
1	15	150.68510211696443
1	16	449.44410108488466
1	17	577.6781110618612
1	18	729.3010352385357
1	19	402.9516099980245
2	0	756.9108269802989
2	1	414.8120056121809
2	2	0.0
2	3	211.303099835284
2	4	873.8609729241832
2	5	563.9077938812337
2	6	736.690572764441
2	7	474.3174042769251
2	8	390.56497538821884
2	9	1101.8030677031172
2	10	196.9009903479411
2	11	882.1320762788303
2	12	820.3810090439686
2	13	777.7403165581684
2	14	299.6064084761873
2	15	555.4358648845067
2	16	179.52437160452615
2	17	685.0437942204863
2	18	952.2483919650376
2	19	14.317821063276353
3	0	546.9122415890871
3	1	313.12936623702353
3	2	211.303099835284
3	3	0.0
3	4	688.1351611420536
3	5	356.02949316032795
3	6	605.5774104109234
3	7	404.675178383849
3	8	222.0
3	9	892.5721259371704
3	10	212.92486937884922
3	11	694.7244057898067
3	12	609.077991721914
3	13	567.8318413051526
3	14	88.45903006477066
3	15	419.30418552645045
3	16	142.30249470757707
3	17	478.20706812007705
3	18	741.0060728496089
3	19	197.43353311937665
4	0	442.09614338964775
4	1	846.2860036654275
4	2	873.8609729241832
4	3	688.1351611420536
4	4	0.0
4	5	506.56983723865756
4	6	309.23453882126427
4	7	542.6601146205606
4	8	483.49767321053366
4	9	379.0844233149128
4	10	728.305567739256
4	11	730.0684899377592
4	12	370.74249823833253
4	13	445.6197930972097
4	14	611.7556701821406
4	15	822.1398907728538
4	16	703.846574190711
4	17	277.94963572561124
4	18	420.76121494263225
4	19	862.7595261716906
5	0	195.57607215607945
5	1	357.179226719584
5	2	563.9077938812337
5	3	356.02949316032795
5	4	506.56983723865756
5	5	0.0
5	6	601.1031525453847
5	7	572.7032390339695
5	8	328.12345237730267
5	9	577.9152186956146
5	10	533.1735177219514
5	11	373.6964008389698
5	12	274.0456166407337
5	13	215.87033144922904
5	14	272.71230261944544
5	15	315.6342820417326
5	16	468.8464567425033
5	17	229.24441105510076
5	18	398.43318134914415
5	19	549.6626237975437
6	0	634.814146030159
6	1	859.6243365563821
6	2	736.690572764441
6	3	605.5774104109234
6	4	309.23453882126427
6	5	601.1031525453847
6	6	0.0
6	7	295.70593500976605
6	8	386.7919337318192
6	9	686.5398750254788
6	10	552.6345989892417
6	11	924.9659453190695
6	12	599.8033010912827
6	13	647.0123646422841
6	14	559.6507839715763
6	15	889.5504482602435
6	16	557.5248873368794
6	17	430.81550575623436
6	18	690.1724422200585
6	19	729.3668487119496
7	0	691.272015924267
7	1	708.7397265569357
7	2	474.3174042769251
7	3	404.675178383849
7	4	542.6601146205606
7	5	572.7032390339695
7	6	295.70593500976605
7	7	0.0
7	8	250.05999280172747
7	9	883.0226497661314
7	10	278.5192991517823
7	11	943.7160589923221
7	12	698.2048410029824
7	13	709.5583133189266
7	14	399.54599234631297
7	15	785.0923512555704
7	16	306.32009401931174
7	17	511.72648944528953
7	18	819.1507797713434
7	19	470.09148045885706
8	0	471.9586846324581
8	1	483.64656516923594
8	2	390.56497538821884
8	3	222.0
8	4	483.49767321053366
8	5	328.12345237730267
8	6	386.7919337318192
8	7	250.05999280172747
8	8	0.0
8	9	743.8904489237646
8	10	259.8788179132728
8	11	701.719317106206
8	12	501.5376356765263
8	13	492.00508127457385
8	14	174.55371666051687
8	15	541.7342521938224
8	16	222.60727750906977
8	17	329.8514817307935
8	18	632.3812141422293
8	19	379.7472843879203
9	0	399.1641266446673
9	1	925.6160110974745
9	2	1101.8030677031172
9	3	892.5721259371704
9	4	379.0844233149128
9	5	577.9152186956146
9	6	686.5398750254788
9	7	883.0226497661314
9	8	743.8904489237646
9	9	0.0
9	10	1003.6134714121766
9	11	576.6012486979195
9	12	306.13232433050905
9	13	384.5958918137322
9	14	804.4687688157944
9	15	840.1862888669393
9	16	959.2523130021632
9	17	418.63229689072006
9	18	212.2851855405836
9	19	1088.458083712919
10	0	707.7202837279712
10	1	516.852977160817
10	2	196.9009903479411
10	3	212.92486937884922
10	4	728.305567739256
10	5	533.1735177219514
10	6	552.6345989892417
10	7	278.5192991517823
10	8	259.8788179132728
10	9	1003.6134714121766
10	10	0.0
10	11	893.4388619262093
10	12	751.1065170799678
10	13	728.589047406012
10	14	269.0018587296378
10	15	631.7127511773052
10	16	70.83078426785913
10	17	587.7490961286117
10	18	883.7539250266445
10	19	194.09533739891847
11	0	294.0697196244455
11	1	527.0597689067151
11	2	882.1320762788303
11	3	694.7244057898067
11	4	730.0684899377592
11	5	373.6964008389698
11	6	924.9659453190695
11	7	943.7160589923221
11	8	701.719317106206
11	9	576.6012486979195
11	10	893.4388619262093
11	11	0.0
11	12	360.62445840513925
11	13	286.379119350556
11	14	624.6735147258927
11	15	385.2920969861697
11	16	825.1739210614935
11	17	495.2413553006251
11	18	371.1711195661645
11	19	868.0472337378883
12	0	97.32933781753577
12	1	619.6660390887982
12	2	820.3810090439686
12	3	609.077991721914
12	4	370.74249823833253
12	5	274.0456166407337
12	6	599.8033010912827
12	7	698.2048410029824
12	8	501.5376356765263
12	9	306.13232433050905
12	10	751.1065170799678
12	11	360.62445840513925
12	12	0.0
12	13	88.68483523128404
12	14	520.8848241214174
12	15	540.8807632001715
12	16	696.8113087486454
12	17	187.00267377767625
12	18	133.09395177843356
12	19	806.4862057096823
13	0	21.02379604162864
13	1	543.8133871099534
13	2	777.7403165581684
13	3	567.8318413051526
13	4	445.6197930972097
13	5	215.87033144922904
13	6	647.0123646422841
13	7	709.5583133189266
13	8	492.00508127457385
13	9	384.5958918137322
13	10	728.589047406012
13	11	286.379119350556
13	12	88.68483523128404
13	13	0.0
13	14	481.5682713800817
13	15	456.4263357870578
13	16	669.2480855407806
13	17	217.0829334609241
13	18	186.65744024817226
13	19	763.5738340199983
14	0	460.5844113732031
14	1	312.1297807002722
14	2	299.6064084761873
14	3	88.45903006477066
14	4	611.7556701821406
14	5	272.71230261944544
14	6	559.6507839715763
14	7	399.54599234631297
14	8	174.55371666051687
14	9	804.4687688157944
14	10	269.0018587296378
14	11	624.6735147258927
14	12	520.8848241214174
14	13	481.5682713800817
14	14	0.0
14	15	389.12851347594665
14	16	200.5617112013158
14	17	391.42943169874184
14	18	653.0275645024489
14	19	285.8058781760795
15	0	443.90652169122274
15	1	150.68510211696443
15	2	555.4358648845067
15	3	419.30418552645045
15	4	822.1398907728538
15	5	315.6342820417326
15	6	889.5504482602435
15	7	785.0923512555704
15	8	541.7342521938224
15	9	840.1862888669393
15	10	631.7127511773052
15	11	385.2920969861697
15	12	540.8807632001715
15	13	456.4263357870578
15	14	389.12851347594665
15	15	0.0
15	16	561.4499087184894
15	17	544.45018137567
15	18	633.7207586942375
15	19	542.7227653231436
16	0	648.269234192091
16	1	449.44410108488466
16	2	179.52437160452615
16	3	142.30249470757707
16	4	703.846574190711
16	5	468.8464567425033
16	6	557.5248873368794
16	7	306.32009401931174
16	8	222.60727750906977
16	9	959.2523130021632
16	10	70.83078426785913
16	11	825.1739210614935
16	12	696.8113087486454
16	13	669.2480855407806
16	14	200.5617112013158
16	15	561.4499087184894
16	16	0.0
16	17	540.9916820062948
16	18	829.8674592969651
16	19	171.8429515575195
17	0	204.07106605298068
17	1	577.6781110618612
17	2	685.0437942204863
17	3	478.20706812007705
17	4	277.94963572561124
17	5	229.24441105510076
17	6	430.81550575623436
17	7	511.72648944528953
17	8	329.8514817307935
17	9	418.63229689072006
17	10	587.7490961286117
17	11	495.2413553006251
17	12	187.00267377767625
17	13	217.0829334609241
17	14	391.42943169874184
17	15	544.45018137567
17	16	540.9916820062948
17	17	0.0
17	18	309.127805284481
17	19	671.9598202273704
18	0	205.0
18	1	729.3010352385357
18	2	952.2483919650376
18	3	741.0060728496089
18	4	420.76121494263225
18	5	398.43318134914415
18	6	690.1724422200585
18	7	819.1507797713434
18	8	632.3812141422293
18	9	212.2851855405836
18	10	883.7539250266445
18	11	371.1711195661645
18	12	133.09395177843356
18	13	186.65744024817226
18	14	653.0275645024489
18	15	633.7207586942375
18	16	829.8674592969651
18	17	309.127805284481
18	18	0.0
18	19	938.2846050106546
19	0	742.7523140320735
19	1	402.9516099980245
19	2	14.317821063276353
19	3	197.43353311937665
19	4	862.7595261716906
19	5	549.6626237975437
19	6	729.3668487119496
19	7	470.09148045885706
19	8	379.7472843879203
19	9	1088.458083712919
19	10	194.09533739891847
19	11	868.0472337378883
19	12	806.4862057096823
19	13	763.5738340199983
19	14	285.8058781760795
19	15	542.7227653231436
19	16	171.8429515575195
19	17	671.9598202273704
19	18	938.2846050106546
19	19	0.0
