4
0 1861
1 1088
2 1663
3 971
4 1345
5 786
6 1104
7 1265
8 1591
9 2026
10 1613
11 940
12 1726
13 1574
14 1428
15 883
16 1750
17 1958
18 1782
19 1711
20 1187
21 1703
22 1201
23 1060
24 2035
25 1650
26 1222
27 1773
28 1847
29 1929
0	0	0.0
0	1	1148.4119469946313
0	2	449.0434277439099
0	3	928.4443979043656
0	4	911.5091881050898
0	5	733.4609737402529
0	6	927.7337980261364
0	7	947.7394156623434
0	8	950.0410517446076
0	9	886.8562453971895
0	10	701.1604666551017
0	11	281.3485382936972
0	12	508.60298858736564
0	13	422.6890109761549
0	14	528.2802286665667
0	15	980.0499987245548
0	16	180.06943105369106
0	17	330.8609980036934
0	18	1009.1962148165242
0	19	417.6625432092277
0	20	757.5862987145425
0	21	919.3182256433297
0	22	801.3395035813472
0	23	1042.6029925144087
0	24	924.286211083991
0	25	976.4061654864742
0	26	364.2155954925599
0	27	150.7348665704123
0	28	86.68333173107735
0	29	952.4017009644617
1	0	1148.4119469946313
1	1	0.0
1	2	770.029869550526
1	3	220.04772209682153
1	4	246.82990094394967
1	5	498.1816937624264
1	6	683.066614613831
1	7	485.07731342539614
1	8	495.858850883999
1	9	458.0174669158372
1	10	797.0846880978206
1	11	889.6072166973468
1	12	765.1673019673541
1	13	1013.3271929638521
1	14	623.2575711533716
1	15	168.77203559831824
1	16	1190.205444450663
1	17	896.9754734662481
1	18	142.57980221616245
1	19	731.1826037317901
1	20	500.6006392325124
1	21	720.1610930895948
1	22	358.6153928653928
1	23	123.08127396155761
1	24	832.3971407927829
1	25	184.70787747142785
1	26	869.5199825190908
1	27	1008.1790515578074
1	28	1072.3469587778015
1	29	227.36974292988063
2	0	449.0434277439099
2	1	770.029869550526
2	2	0.0
2	3	562.0293586637623
2	4	567.6310421391698
2	5	297.30960293942746
2	6	493.22814193839343
2	7	498.9849697135175
2	8	501.08083180261445
2	9	440.55646630142655
2	10	302.90922732726386
2	11	324.91383473161005
2	12	465.7563740841342
2	13	263.8370709358334
2	14	197.01776569639603
2	15	612.2826144845205
2	16	432.6719311441407
2	17	407.4125673073917
2	18	645.5083268246816
2	19	181.6865432551349
2	20	544.4896693234869
2	21	491.86380228677126
2	22	412.13226032427986
2	23	651.4975057511732
2	24	524.6227215819002
2	25	586.1919480852667
2	26	101.23734488813898
2	27	361.04985805287333
2	28	362.4058498424108
2	29	550.4552661206903
3	0	928.4443979043656
3	1	220.04772209682153
3	2	562.0293586637623
3	3	0.0
3	4	59.481089431852205
3	5	319.0767932645682
3	6	586.3079395675961
3	7	402.8163353192122
3	8	414.45023826751503
3	9	345.70652293527814
3	10	639.3160407810835
3	11	670.6131522718593
3	12	561.9626322096515
3	13	814.9239228296099
3	14	404.64923081602416
3	15	51.85556864985669
3	16	974.2361110121099
3	17	682.046919207176
3	18	83.72574275573791
3	19	511.45381023118796
3	20	325.0415358073488
3	21	618.9676889789968
3	22	153.52524222420234
3	23	130.0
3	24	725.7217097483029
3	25	81.58431221748455
3	26	659.2419889539804
3	27	788.2347366108652
3	28	852.8264770749088
3	29	111.60645142642964
4	0	911.5091881050898
4	1	246.82990094394967
4	2	567.6310421391698
4	3	59.481089431852205
4	4	0.0
4	5	349.0444097819073
4	6	634.9433045556115
4	7	456.18526938076377
4	8	467.748864242341
4	9	395.37956446938426
4	10	671.6107503606535
4	11	646.2754830565677
4	12	520.3767865691167
4	13	826.0780834763746
4	14	396.69257618463195
4	15	86.97700845625813
4	16	967.9555774930997
4	17	650.4229393248673
4	18	104.65180361560904
4	19	498.00100401505216
4	20	271.0018450121696
4	21	666.4420454923294
4	22	176.72577627499618
4	23	179.06981878585793
4	24	771.1666486564367
4	25	139.77839604173457
4	26	661.6418971014457
4	27	767.9192665899196
4	28	838.8092751037032
4	29	170.5813588877753
5	0	733.4609737402529
5	1	498.1816937624264
5	2	297.30960293942746
5	3	319.0767932645682
5	4	349.0444097819073
5	5	0.0
5	6	337.0534082308025
5	7	238.2540660723338
5	8	244.90202122481554
5	9	164.3684884641822
5	10	322.59107241211746
5	11	537.9814123183068
5	12	555.5393775422225
5	13	518.19783866782
5	14	247.0323865407125
5	15	361.2215386712149
5	16	729.9054733319925
5	17	591.068523946251
5	18	394.92784151031947
5	19	348.05890306096177
5	20	468.5232118049222
5	21	358.70461385379474
5	22	172.6267650163207
5	23	375.3531670307312
5	24	448.20754121277344
5	25	315.2427635965654
5	26	397.88691860879266
5	27	620.4417780904184
5	28	648.3679510895029
5	29	270.9575612526803
6	0	927.7337980261364
6	1	683.066614613831
6	2	493.22814193839343
6	3	586.3079395675961
6	4	634.9433045556115
6	5	337.0534082308025
6	6	0.0
6	7	197.9898987322333
6	8	187.29655629509048
6	9	240.68236329236922
6	10	245.08773939142694
6	11	808.0426968916927
6	12	878.3467424656393
6	13	570.701322935211
6	14	554.698116095593
6	15	609.4522130569385
6	16	859.8261452177411
6	17	879.575465778804
6	18	637.436271324436
6	19	629.1390943185776
6	20	802.8654930933326
6	21	38.2099463490856
6	22	479.3172227241579
6	23	573.6314147603842
6	24	150.08331019803634
6	25	540.5006938015898
6	26	564.1994328249542
6	27	854.0474225709015
6	28	842.1995013059554
6	29	490.06224094496406
7	0	947.7394156623434
7	1	485.07731342539614
7	2	498.9849697135175
7	3	402.8163353192122
7	4	456.18526938076377
7	5	238.2540660723338
7	6	197.9898987322333
7	7	0.0
7	8	11.661903789690601
7	9	77.20103626247513
7	10	361.8894858931384
7	11	773.0853769151245
7	12	788.7591520863641
7	13	658.2795758642371
7	14	485.23190332046386
7	15	419.6474710992549
7	16	916.6618787753748
7	17	829.0024125417248
7	18	445.54348833755836
7	19	583.513495987882
7	20	659.3640875874269
7	21	235.2275494069519
7	22	323.39604202896487
7	23	376.9204160031664
7	24	347.57013680694723
7	25	348.4207226902556
7	26	591.2909605262032
7	27	846.9031821879051
7	28	861.2014862969061
7	29	299.2941696725815
8	0	950.0410517446076
8	1	495.858850883999
8	2	501.08083180261445
8	3	414.45023826751503
8	4	467.748864242341
8	5	244.90202122481554
8	6	187.29655629509048
8	7	11.661903789690601
8	8	0.0
8	9	86.16263691415206
8	10	356.6791275081849
8	11	778.2396803042107
8	12	796.8293418292276
8	13	656.0640212662175
8	14	491.6360442441136
8	15	431.2957222138889
8	16	916.7600558488573
8	17	835.0862230931606
8	18	457.1487722831595
8	19	588.8701045222112
8	20	669.8335614165657
8	21	224.72205054244233
8	22	334.0014970026332
8	23	388.20741878537046
8	24	337.08307581366347
8	25	360.0347205478938
8	26	592.4837550515625
8	27	850.6191862402352
8	28	863.44658201883
8	29	310.94211679989576
9	0	886.8562453971895
9	1	458.0174669158372
9	2	440.55646630142655
9	3	345.70652293527814
9	4	395.37956446938426
9	5	164.3684884641822
9	6	240.68236329236922
9	7	77.20103626247513
9	8	86.16263691415206
9	9	0.0
9	10	349.79422522391644
9	11	701.9237850365238
9	12	711.770328125583
9	13	622.0128616033594
9	14	411.0596063833079
9	15	369.43199644860215
9	16	866.2753603791349
9	17	755.2648542067875
9	18	398.2674980462252
9	19	512.0156247615887
9	20	585.5911543047761
9	21	274.11676344215067
9	22	250.83261350948763
9	23	341.4103103305464
9	24	383.24013359772226
9	25	301.9817875303079
9	26	536.6237042844828
9	27	780.5030429152727
9	28	800.7221740404096
9	29	251.10356429170812
10	0	701.1604666551017
10	1	797.0846880978206
10	2	302.90922732726386
10	3	639.3160407810835
10	4	671.6107503606535
10	5	322.59107241211746
10	6	245.08773939142694
10	7	361.8894858931384
10	8	356.6791275081849
10	9	349.79422522391644
10	10	0.0
10	11	627.3125217943605
10	12	752.2240357765763
10	13	325.7483691440373
10	14	437.4402816385341
10	15	678.0471959974468
10	16	618.589524644574
10	17	710.2260203625322
10	18	711.0
10	19	473.72988083928163
10	20	757.7077272933146
10	21	226.43321311150447
10	22	495.18178480230875
10	23	675.3702688155587
10	24	226.2144999773445
10	25	623.2214694633041
10	26	346.91929897311854
10	27	647.4079085090018
10	28	618.0809008536019
10	29	574.0949398836398
11	0	281.3485382936972
11	1	889.6072166973468
11	2	324.91383473161005
11	3	670.6131522718593
11	4	646.2754830565677
11	5	537.9814123183068
11	6	808.0426968916927
11	7	773.0853769151245
11	8	778.2396803042107
11	9	701.9237850365238
11	10	627.3125217943605
11	11	0.0
11	12	240.0
11	13	470.40514452969154
11	14	297.12118739665806
11	15	721.0443814357061
11	16	401.3601873629222
11	17	92.31467922275417
11	18	747.7860656631682
11	19	189.92893407798613
11	20	476.28772816439437
11	21	810.9630077876549
11	22	560.8065620158167
11	23	792.455676993988
11	24	849.4339291551756
11	25	727.9079612148778
11	26	301.8907087010132
11	27	130.61393493804556
11	28	232.13142829009604
11	29	711.7092102818398
12	0	508.60298858736564
12	1	765.1673019673541
12	2	465.7563740841342
12	3	561.9626322096515
12	4	520.3767865691167
12	5	555.5393775422225
12	6	878.3467424656393
12	7	788.7591520863641
12	8	796.8293418292276
12	9	711.770328125583
12	10	752.2240357765763
12	11	240.0
12	12	0.0
12	13	677.4075582690232
12	14	324.9015235421342
12	15	605.6277734714616
12	16	641.225389391281
12	17	179.00279327429502
12	18	624.6791176276025
12	19	284.1003343891027
12	20	283.6370920736567
12	21	891.3254175664464
12	22	502.09959171463186
12	23	691.8858287318798
12	24	955.0382191305225
12	25	635.3030772788685
12	26	488.362570228309
12	27	362.3534186398688
12	28	470.53692735002215
12	29	635.8380296899518
13	0	422.6890109761549
13	1	1013.3271929638521
13	2	263.8370709358334
13	3	814.9239228296099
13	4	826.0780834763746
13	5	518.19783866782
13	6	570.701322935211
13	7	658.2795758642371
13	8	656.0640212662175
13	9	622.0128616033594
13	10	325.7483691440373
13	11	470.40514452969154
13	12	677.4075582690232
13	13	0.0
13	14	459.00108932332614
13	15	863.44658201883
13	16	302.1208367524491
13	17	562.6410934156871
13	18	897.2318540934667
13	19	413.30376238306854
13	20	802.9701115234614
13	21	551.5432893255071
13	22	661.9282438452071
13	23	891.5138809912048
13	24	528.1713737036494
13	25	828.727337548364
13	26	193.78596440403004
13	27	426.20300327426133
13	28	353.5533905932738
13	29	787.5842812042404
14	0	528.2802286665667
14	1	623.2575711533716
14	2	197.01776569639603
14	3	404.64923081602416
14	4	396.69257618463195
14	5	247.0323865407125
14	6	554.698116095593
14	7	485.23190332046386
14	8	491.6360442441136
14	9	411.0596063833079
14	10	437.4402816385341
14	11	297.12118739665806
14	12	324.9015235421342
14	13	459.00108932332614
14	14	0.0
14	15	456.5019167539168
14	16	571.3396537962335
14	17	344.2455518957362
14	18	487.41050460571734
14	19	112.50777750893491
14	20	348.11061460403647
14	21	566.6409798099675
14	22	273.2123716086078
14	23	514.5959580097768
14	24	631.3834017457222
14	25	448.2822771424273
14	26	275.2180953353177
14	27	396.3395009332277
14	28	449.7754995550558
14	29	424.6610413023545
15	0	980.0499987245548
15	1	168.77203559831824
15	2	612.2826144845205
15	3	51.85556864985669
15	4	86.97700845625813
15	5	361.2215386712149
15	6	609.4522130569385
15	7	419.6474710992549
15	8	431.2957222138889
15	9	369.43199644860215
15	10	678.0471959974468
15	11	721.0443814357061
15	12	605.6277734714616
15	13	863.44658201883
15	14	456.5019167539168
15	15	0.0
15	16	1025.9244611568631
15	17	730.4690274063645
15	18	33.95585369269929
15	19	563.2051136131489
15	20	357.2744043448957
15	21	643.5060217278468
15	22	201.54652068443156
15	23	93.34345183246653
15	24	752.3410131050945
15	25	73.10950690573696
15	26	710.0007042250029
15	27	839.4242074183946
15	28	904.61262427627
15	29	120.3536455617361
16	0	180.06943105369106
16	1	1190.205444450663
16	2	432.6719311441407
16	3	974.2361110121099
16	4	967.9555774930997
16	5	729.9054733319925
16	6	859.8261452177411
16	7	916.6618787753748
16	8	916.7600558488573
16	9	866.2753603791349
16	10	618.589524644574
16	11	401.3601873629222
16	12	641.225389391281
16	13	302.1208367524491
16	14	571.3396537962335
16	15	1025.9244611568631
16	16	0.0
16	17	473.86495966678103
16	18	1057.6095687918107
16	19	474.5619032328659
16	20	857.962703152066
16	21	844.6401600681795
16	22	832.5635110908956
16	23	1075.801096857593
16	24	829.3226151504612
16	25	1009.5305839844576
16	26	332.13250367887815
16	27	285.674640106538
16	28	173.27723451163456
16	29	977.7893433659419
17	0	330.8609980036934
17	1	896.9754734662481
17	2	407.4125673073917
17	3	682.046919207176
17	4	650.4229393248673
17	5	591.068523946251
17	6	879.575465778804
17	7	829.0024125417248
17	8	835.0862230931606
17	9	755.2648542067875
17	10	710.2260203625322
17	11	92.31467922275417
17	12	179.00279327429502
17	13	562.6410934156871
17	14	344.2455518957362
17	15	730.4690274063645
17	16	473.86495966678103
17	17	0.0
17	18	754.4017497328596
17	19	250.88842141477951
17	20	447.6516502817788
17	21	885.0451965860275
17	22	588.865009998047
17	23	808.5641594827216
17	24	929.5956110051295
17	25	746.3430846467327
17	26	392.65761166695853
17	27	189.02380802428036
17	28	300.7341018241862
17	29	736.198342839754
18	0	1009.1962148165242
18	1	142.57980221616245
18	2	645.5083268246816
18	3	83.72574275573791
18	4	104.65180361560904
18	5	394.92784151031947
18	6	637.436271324436
18	7	445.54348833755836
18	8	457.1487722831595
18	9	398.2674980462252
18	10	711.0
18	11	747.7860656631682
18	12	624.6791176276025
18	13	897.2318540934667
18	14	487.41050460571734
18	15	33.95585369269929
18	16	1057.6095687918107
18	17	754.4017497328596
18	18	0.0
18	19	593.0337258537662
18	20	368.01358670570846
18	21	671.9858629465355
18	22	235.30405861353094
18	23	94.37160589923221
18	24	781.4921624686968
18	25	97.16995420396162
18	26	742.9199149302702
18	27	867.522910360297
18	28	934.5185926454326
18	29	147.38385257551113
19	0	417.6625432092277
19	1	731.1826037317901
19	2	181.6865432551349
19	3	511.45381023118796
19	4	498.00100401505216
19	5	348.05890306096177
19	6	629.1390943185776
19	7	583.513495987882
19	8	588.8701045222112
19	9	512.0156247615887
19	10	473.72988083928163
19	11	189.92893407798613
19	12	284.1003343891027
19	13	413.30376238306854
19	14	112.50777750893491
19	15	563.2051136131489
19	16	474.5619032328659
19	17	250.88842141477951
19	18	593.0337258537662
19	19	0.0
19	20	398.91477786615025
19	21	635.6886030125128
19	22	385.12984823303424
19	23	625.0959926283323
19	24	686.0327980497725
19	25	559.0143110869345
19	26	219.53815158190613
19	27	283.83269720030495
19	28	341.4849923495907
19	29	536.765311844944
20	0	757.5862987145425
20	1	500.6006392325124
20	2	544.4896693234869
20	3	325.0415358073488
20	4	271.0018450121696
20	5	468.5232118049222
20	6	802.8654930933326
20	7	659.3640875874269
20	8	669.8335614165657
20	9	585.5911543047761
20	10	757.7077272933146
20	11	476.28772816439437
20	12	283.6370920736567
20	13	802.9701115234614
20	14	348.11061460403647
20	15	357.2744043448957
20	16	857.962703152066
20	17	447.6516502817788
20	18	368.01358670570846
20	19	398.91477786615025
20	20	0.0
20	21	826.6444217437145
20	22	336.14580169920316
20	23	450.03999822238023
20	24	915.7226654397061
20	25	406.1773011875479
20	26	612.3952971733208
20	27	606.8690138736695
20	28	701.2310603502957
20	29	424.09904503547284
21	0	919.3182256433297
21	1	720.1610930895948
21	2	491.86380228677126
21	3	618.9676889789968
21	4	666.4420454923294
21	5	358.70461385379474
21	6	38.2099463490856
21	7	235.2275494069519
21	8	224.72205054244233
21	9	274.11676344215067
21	10	226.43321311150447
21	11	810.9630077876549
21	12	891.3254175664464
21	13	551.5432893255071
21	14	566.6409798099675
21	15	643.5060217278468
21	16	844.6401600681795
21	17	885.0451965860275
21	18	671.9858629465355
21	19	635.6886030125128
21	20	826.6444217437145
21	21	0.0
21	22	507.43373951679644
21	23	609.8007871428176
21	24	112.36102527122117
21	25	575.2642870889866
21	26	557.434301061569
21	27	851.2984200619663
21	28	834.4579078659391
21	29	524.6227215819002
22	0	801.3395035813472
22	1	358.6153928653928
22	2	412.13226032427986
22	3	153.52524222420234
22	4	176.72577627499618
22	5	172.6267650163207
22	6	479.3172227241579
22	7	323.39604202896487
22	8	334.0014970026332
22	9	250.83261350948763
22	10	495.18178480230875
22	11	560.8065620158167
22	12	502.09959171463186
22	13	661.9282438452071
22	14	273.2123716086078
22	15	201.54652068443156
22	16	832.5635110908956
22	17	588.865009998047
22	18	235.30405861353094
22	19	385.12984823303424
22	20	336.14580169920316
22	21	507.43373951679644
22	22	0.0
22	23	243.57750306627253
22	24	606.9019690197091
22	25	177.1383639983163
22	26	511.0714235799141
22	27	668.4220223780782
22	28	721.8316978354442
22	29	151.71684151734772
23	0	1042.6029925144087
23	1	123.08127396155761
23	2	651.4975057511732
23	3	130.0
23	4	179.06981878585793
23	5	375.3531670307312
23	6	573.6314147603842
23	7	376.9204160031664
23	8	388.20741878537046
23	9	341.4103103305464
23	10	675.3702688155587
23	11	792.455676993988
23	12	691.8858287318798
23	13	891.5138809912048
23	14	514.5959580097768
23	15	93.34345183246653
23	16	1075.801096857593
23	17	808.5641594827216
23	18	94.37160589923221
23	19	625.0959926283323
23	20	450.03999822238023
23	21	609.8007871428176
23	22	243.57750306627253
23	23	0.0
23	24	721.3237830544616
23	25	66.48308055437865
23	26	751.7366560172518
23	27	906.2240341107711
23	28	964.2660421273789
23	29	104.4030650891055
24	0	924.286211083991
24	1	832.3971407927829
24	2	524.6227215819002
24	3	725.7217097483029
24	4	771.1666486564367
24	5	448.20754121277344
24	6	150.08331019803634
24	7	347.57013680694723
24	8	337.08307581366347
24	9	383.24013359772226
24	10	226.2144999773445
24	11	849.4339291551756
24	12	955.0382191305225
24	13	528.1713737036494
24	14	631.3834017457222
24	15	752.3410131050945
24	16	829.3226151504612
24	17	929.5956110051295
24	18	781.4921624686968
24	19	686.0327980497725
24	20	915.7226654397061
24	21	112.36102527122117
24	22	606.9019690197091
24	23	721.3237830544616
24	24	0.0
24	25	685.1685923916829
24	26	573.1108095298849
24	27	873.5914376869773
24	28	842.3686841282741
24	29	634.3311438042437
25	0	976.4061654864742
25	1	184.70787747142785
25	2	586.1919480852667
25	3	81.58431221748455
25	4	139.77839604173457
25	5	315.2427635965654
25	6	540.5006938015898
25	7	348.4207226902556
25	8	360.0347205478938
25	9	301.9817875303079
25	10	623.2214694633041
25	11	727.9079612148778
25	12	635.3030772788685
25	13	828.727337548364
25	14	448.2822771424273
25	15	73.10950690573696
25	16	1009.5305839844576
25	17	746.3430846467327
25	18	97.16995420396162
25	19	559.0143110869345
25	20	406.1773011875479
25	21	575.2642870889866
25	22	177.1383639983163
25	23	66.48308055437865
25	24	685.1685923916829
25	25	0.0
25	26	686.1661606345798
25	27	840.6104924398695
25	28	897.8825090177445
25	29	50.99019513592785
26	0	364.2155954925599
26	1	869.5199825190908
26	2	101.23734488813898
26	3	659.2419889539804
26	4	661.6418971014457
26	5	397.88691860879266
26	6	564.1994328249542
26	7	591.2909605262032
26	8	592.4837550515625
26	9	536.6237042844828
26	10	346.91929897311854
26	11	301.8907087010132
26	12	488.362570228309
26	13	193.78596440403004
26	14	275.2180953353177
26	15	710.0007042250029
26	16	332.13250367887815
26	17	392.65761166695853
26	18	742.9199149302702
26	19	219.53815158190613
26	20	612.3952971733208
26	21	557.434301061569
26	22	511.0714235799141
26	23	751.7366560172518
26	24	573.1108095298849
26	25	686.1661606345798
26	26	0.0
26	27	301.01494979485653
26	28	278.18878482066816
26	29	651.2019655989991
27	0	150.7348665704123
27	1	1008.1790515578074
27	2	361.04985805287333
27	3	788.2347366108652
27	4	767.9192665899196
27	5	620.4417780904184
27	6	854.0474225709015
27	7	846.9031821879051
27	8	850.6191862402352
27	9	780.5030429152727
27	10	647.4079085090018
27	11	130.61393493804556
27	12	362.3534186398688
27	13	426.20300327426133
27	14	396.3395009332277
27	15	839.4242074183946
27	16	285.674640106538
27	17	189.02380802428036
27	18	867.522910360297
27	19	283.83269720030495
27	20	606.8690138736695
27	21	851.2984200619663
27	22	668.4220223780782
27	23	906.2240341107711
27	24	873.5914376869773
27	25	840.6104924398695
27	26	301.01494979485653
27	27	0.0
27	28	112.44998888394787
27	29	820.1377933006136
28	0	86.68333173107735
28	1	1072.3469587778015
28	2	362.4058498424108
28	3	852.8264770749088
28	4	838.8092751037032
28	5	648.3679510895029
28	6	842.1995013059554
28	7	861.2014862969061
28	8	863.44658201883
28	9	800.7221740404096
28	10	618.0809008536019
28	11	232.13142829009604
28	12	470.53692735002215
28	13	353.5533905932738
28	14	449.7754995550558
28	15	904.61262427627
28	16	173.27723451163456
28	17	300.7341018241862
28	18	934.5185926454326
28	19	341.4849923495907
28	20	701.2310603502957
28	21	834.4579078659391
28	22	721.8316978354442
28	23	964.2660421273789
28	24	842.3686841282741
28	25	897.8825090177445
28	26	278.18878482066816
28	27	112.44998888394787
28	28	0.0
28	29	872.2000917220772
29	0	952.4017009644617
29	1	227.36974292988063
29	2	550.4552661206903
29	3	111.60645142642964
29	4	170.5813588877753
29	5	270.9575612526803
29	6	490.06224094496406
29	7	299.2941696725815
29	8	310.94211679989576
29	9	251.10356429170812
29	10	574.0949398836398
29	11	711.7092102818398
29	12	635.8380296899518
29	13	787.5842812042404
29	14	424.6610413023545
29	15	120.3536455617361
29	16	977.7893433659419
29	17	736.198342839754
29	18	147.38385257551113
29	19	536.765311844944
29	20	424.09904503547284
29	21	524.6227215819002
29	22	151.71684151734772
29	23	104.4030650891055
29	24	634.3311438042437
29	25	50.99019513592785
29	26	651.2019655989991
29	27	820.1377933006136
29	28	872.2000917220772
29	29	0.0
