25
0 1473
1 1344
2 1230
3 1148
4 1637
5 1601
6 744
7 1356
8 1395
9 1025
10 2062
11 1324
12 1790
13 1275
14 1973
15 1208
16 1833
17 949
18 1101
19 1725
20 1662
21 1151
22 890
23 1605
24 1282
25 769
26 1098
27 1252
28 1205
29 1643
30 1251
31 1955
32 1216
33 1847
34 1331
35 948
36 1506
37 785
38 1496
39 2085
40 1145
41 2014
42 858
43 899
44 971
45 1936
46 1677
47 1258
48 906
49 2054
50 1162
51 1094
52 1097
53 946
54 1854
55 1876
56 798
57 1557
58 870
59 1299
60 1026
61 1489
62 2022
63 1630
64 1970
65 1469
66 726
67 1343
68 1608
69 1605
70 789
71 1080
72 755
73 1674
74 1175
75 2115
76 1118
77 1616
78 832
79 1925
0	0	0.0
0	1	452.80569784400905
0	2	832.2655826117045
0	3	670.7346718338034
0	4	523.620091287567
0	5	231.51025895195227
0	6	761.520190146
0	7	695.8160676500651
0	8	523.7804883727533
0	9	915.2070803921919
0	10	311.8878003385192
0	11	184.87833837418594
0	12	751.2715887081049
0	13	360.5551275463989
0	14	109.01834707974616
0	15	310.0354818403855
0	16	756.770110403417
0	17	539.6156039256092
0	18	354.54336829223024
0	19	640.8876656638041
0	20	495.3312023283007
0	21	833.826120962878
0	22	1023.8994091218141
0	23	398.3616447400528
0	24	513.9970817037778
0	25	231.56208670678367
0	26	609.9983606535349
0	27	185.21878954360974
0	28	604.4766331298506
0	29	553.0867924657033
0	30	712.4970175376175
0	31	359.07102361510596
0	32	167.72596698186004
0	33	625.3870801351752
0	34	311.30692250574833
0	35	775.8002320185268
0	36	506.6448460213525
0	37	748.6554614774409
0	38	856.8249529513015
0	39	655.1473116788316
0	40	645.1433949130999
0	41	561.5069011152044
0	42	175.65022060902743
0	43	697.5399630128728
0	44	499.8899878973373
0	45	561.0436703145309
0	46	680.0117646041133
0	47	573.1474504872198
0	48	779.1694295851191
0	49	558.7101216194316
0	50	277.49234223668225
0	51	1027.19034263373
0	52	162.50538452617502
0	53	153.73353570382747
0	54	306.2433672751134
0	55	483.001035195578
0	56	643.5060217278468
0	57	658.9757203418044
0	58	234.75306174787156
0	59	226.10838109190027
0	60	724.2492664821967
0	61	481.54958207852286
0	62	949.4129765281282
0	63	816.0318621230424
0	64	227.89910048089263
0	65	716.5528591806748
0	66	725.159292845372
0	67	369.9080966943005
0	68	917.0785135417796
0	69	795.5105279001655
0	70	671.9657729378781
0	71	786.0057251699889
0	72	469.5795992161499
0	73	227.2003521124032
0	74	476.0
0	75	713.0448793729606
0	76	644.5657452890279
0	77	702.0156693407919
0	78	419.49016675006817
0	79	376.19276973381614
1	0	452.80569784400905
1	1	0.0
1	2	451.8683436577517
1	3	628.033438600207
1	4	613.401173784335
1	5	223.10983842045155
1	6	937.2299611087985
1	7	863.7459117124665
1	8	571.3606566784241
1	9	594.0614446334655
1	10	338.53360246805636
1	11	461.52464722915937
1	12	810.4221122353462
1	13	184.8053029542172
1	14	546.1501625011202
1	15	409.3372692536071
1	16	360.8018846957427
1	17	394.87213120198794
1	18	266.2480046873591
1	19	282.65172916506276
1	20	683.4881125520765
1	21	516.7059124879452
1	22	749.9073276078851
1	23	104.23531071570709
1	24	427.10186138671884
1	25	244.23349483639626
1	26	644.8542470977453
1	27	637.2542663646906
1	28	824.5683719377066
1	29	124.2014492669067
1	30	872.5508581165914
1	31	126.4792473095883
1	32	328.0746866187637
1	33	736.5487085047397
1	34	396.06186385462564
1	35	805.5886046860395
1	36	91.706052144883
1	37	533.9850185164374
1	38	561.7419336314497
1	39	742.3456068436049
1	40	213.82469455140114
1	41	380.9160012391183
1	42	599.7082624076477
1	43	260.4169733331528
1	44	747.2141593947481
1	45	695.1122211556923
1	46	796.4577829364216
1	47	717.1757106874159
1	48	795.3426934347232
1	49	237.73935307390738
1	50	376.3841123108147
1	51	763.7702534139438
1	52	453.45451811620535
1	53	511.2817227321939
1	54	498.9529035891063
1	55	395.1822364428847
1	56	197.2232237846243
1	57	263.0589287593181
1	58	538.7114255331884
1	59	286.1782661209617
1	60	841.2193530821792
1	61	373.3108624189765
1	62	755.0006622513652
1	63	560.290103428572
1	64	675.2962312940892
1	65	310.2208890452092
1	66	465.39553070479735
1	67	668.0067364929788
1	68	724.4308110509934
1	69	916.127720353445
1	70	460.1315029423654
1	71	480.0354153601586
1	72	459.6346375111432
1	73	528.1183579463982
1	74	199.58206332233365
1	75	817.148701277803
1	76	192.0
1	77	847.8637862298401
1	78	479.116895965901
1	79	111.21151019566275
2	0	832.2655826117045
2	1	451.8683436577517
2	2	0.0
2	3	554.1091950148455
2	4	677.9085484045764
2	5	616.2994402074369
2	6	968.9298220201503
2	7	906.2505172412317
2	8	620.6383810239261
2	9	181.62048342629197
2	10	566.1978452802518
2	11	750.6650384825444
2	12	763.9378246951777
2	13	636.4793790846644
2	14	939.364146643888
2	15	620.5610364823109
2	16	93.15041599477696
2	17	394.83287603744446
2	18	493.1095213033307
2	19	191.47062437878037
2	20	802.3297327159203
2	21	144.40221604947757
2	22	356.808071657579
2	23	447.8236259957708
2	24	455.9747800043331
2	25	601.7682278086805
2	26	641.6291763939666
2	27	997.969939427035
2	28	925.8347584747507
2	29	461.732606602566
2	30	905.2657068507566
2	31	484.5884852119373
2	32	755.0165561098644
2	33	766.319124125191
2	34	608.4619955264257
2	35	731.226367139479
2	36	362.86223281019477
2	37	310.4077962938431
2	38	199.46177578674065
2	39	747.2536383317247
2	40	456.01754352217637
2	41	355.44338508403837
2	42	927.8496645470105
2	43	229.12005586591496
2	44	894.5434589778184
2	45	762.0656139729701
2	46	810.2357681564052
2	47	784.4539502099534
2	48	710.5723045545752
2	49	274.0456166407337
2	50	618.255610568962
2	51	379.22288960451743
2	52	883.0005662512341
2	53	821.143105676471
2	54	711.163131777794
2	55	456.2806154111744
2	56	293.9557789872484
2	57	538.3391124560801
2	58	804.4532304615353
2	59	609.6564606399246
2	60	841.6085788536141
2	61	438.0
2	62	450.809272309255
2	63	258.7856255668
2	64	1020.7840124139876
2	65	535.0682199495686
2	66	234.081182498722
2	67	881.4136372895532
2	68	432.1400236034612
2	69	899.6471530550185
2	70	304.92622058458664
2	71	156.6301375853319
2	72	535.156986313362
2	73	796.6793583368406
2	74	356.6987524508601
2	75	812.4856921817146
2	76	358.52057123685387
2	77	873.8901532801477
2	78	601.4399388135112
2	79	470.4646639228073
3	0	670.7346718338034
3	1	628.033438600207
3	2	554.1091950148455
3	3	0.0
3	4	198.1136037731887
3	5	588.4114206913391
3	6	418.1219917679528
3	7	361.08309293014537
3	8	161.9660458244258
3	9	484.0878019533233
3	10	381.43544670101124
3	11	496.1179295288571
3	12	211.81595785020542
3	13	747.3185398476342
3	14	767.0006518902054
3	15	361.4982710885351
3	16	557.609182133867
3	17	235.73289969794203
3	18	397.665688738669
3	19	471.0689970694314
3	20	325.64090652127845
3	21	438.7812666921869
3	22	481.58592172114004
3	23	532.8648984498791
3	24	203.17972339778396
3	25	537.207594883021
3	26	111.8257573191436
3	27	752.2399883016058
3	28	408.7701065391157
3	29	734.0980860893181
3	30	357.0224082603219
3	31	534.5100560326251
3	32	716.0398033629136
3	33	229.01964981197574
3	34	362.1670885102621
3	35	187.97074240423694
3	36	568.9745161252831
3	37	254.9078264785136
3	38	412.3348154109716
3	39	200.4120754844877
3	40	796.9473006416422
3	41	259.9249891795708
3	42	652.4078478988431
3	43	637.7624949775583
3	44	419.1479452412954
3	45	251.5094431626773
3	46	261.51290599127225
3	47	268.50884529191956
3	48	172.5340546095176
3	49	435.1666347504137
3	50	398.4833748100415
3	51	470.1967673219373
3	52	808.5598308103117
3	53	559.6793724982189
3	54	383.30144794926093
3	55	238.05251521460553
3	56	650.2314972377145
3	57	870.7249852852507
3	58	492.4103979405796
3	59	496.4070910049533
3	60	288.62432329933665
3	61	257.1711492372346
3	62	333.66450215748154
3	63	334.75513438930255
3	64	745.1852118768863
3	65	902.4771465250519
3	66	320.2577087284551
3	67	476.5007869878076
3	68	307.54837017939144
3	69	345.80919594481577
3	70	251.33443854752576
3	71	404.0792001575929
3	72	206.71236053995418
3	73	491.85871955267805
3	74	432.3944958021552
3	75	259.4802497301095
3	76	713.0736287368928
3	77	325.2460606986655
3	78	251.85908758669004
3	79	538.9786637706543
4	0	523.620091287567
4	1	613.401173784335
4	2	677.9085484045764
4	3	198.1136037731887
4	4	0.0
4	5	504.5839870626098
4	6	325.97699305319077
4	7	253.39692184397188
4	8	57.271284253105414
4	9	647.9459854031044
4	10	293.40074982862603
4	11	339.284541351356
4	12	230.0195643852931
4	13	686.8900931007813
4	14	607.9613474555763
4	15	240.8318915758459
4	16	656.494478270762
4	17	289.8706608127149
4	18	348.919761549844
4	19	546.5757038142109
4	20	133.18032887780387
4	21	588.4114206913391
4	22	671.6725392629953
4	23	509.4330181682377
4	24	229.16587878652442
4	25	450.7604685417744
4	26	96.82974749528164
4	27	574.3587728937375
4	28	248.21361767638777
4	29	733.6545508616437
4	30	260.3113520382851
4	31	496.3970185244871
4	32	606.0775527933698
4	33	124.03628501370073
4	34	248.60008045050992
4	35	252.23005372080465
4	36	580.538543078752
4	37	417.1198868430993
4	38	574.9478237196832
4	39	139.26952286842948
4	40	812.0738882638698
4	41	328.42046221269464
4	42	472.547352124631
4	43	701.1134002427852
4	44	229.17242417009948
4	45	87.8179936004006
4	46	184.76471524617463
4	47	111.13955191559843
4	48	256.72748197261626
4	49	484.20760010557456
4	50	283.9859151436916
4	51	662.57226021016
4	52	676.4983370267809
4	53	391.515006098106
4	54	217.91053209975877
4	55	243.58981916328113
4	56	693.808330881087
4	57	874.3712026365004
4	58	315.06983352901307
4	59	400.2161915765028
4	60	230.76611536358627
4	61	267.3798795721174
4	62	531.3915693723415
4	63	502.0219118723803
4	64	560.8350916267633
4	65	916.1146216494965
4	66	458.1899169558405
4	67	279.0877998050076
4	68	504.4809213439097
4	69	306.843608374038
4	70	381.18237105091833
4	71	545.6968022629416
4	72	162.00308639035245
4	73	317.00157728314224
4	74	446.5624256472996
4	75	209.85947679340097
4	76	744.8630746654045
4	77	234.58047659598614
4	78	137.2953021774598
4	79	506.99605521147794
5	0	231.51025895195227
5	1	223.10983842045155
5	2	616.2994402074369
5	3	588.4114206913391
5	4	504.5839870626098
5	5	0.0
5	6	806.5345621856511
5	7	733.8971317562156
5	8	479.5216366338437
5	9	720.6420748193933
5	10	214.04905979704745
5	11	258.88414397177746
5	12	728.4023613360956
5	13	189.8341381311591
5	14	330.7960096494515
5	15	265.73106705840775
5	16	535.1971599326738
5	17	394.65681294005304
5	18	196.22945752358385
5	19	425.9319194425325
5	20	536.1063327363332
5	21	638.658750820812
5	22	849.8899928814317
5	23	170.90640713560157
5	24	394.06852196033117
5	25	53.85164807134504
5	26	565.5766968325339
5	27	414.75414404198546
5	28	671.3605588653537
5	29	332.27699288394916
5	30	746.4643327045171
5	31	132.41223508422476
5	32	147.05441169852742
5	33	626.2028425358671
5	34	256.49366463910957
5	35	737.8082406696201
5	36	276.1014306373656
5	37	589.9033819194462
5	38	670.4028639556964
5	39	643.5347698454218
5	40	425.6677107791945
5	41	402.995037190286
5	42	378.16398559355173
5	43	466.897204960578
5	44	580.007758568797
5	45	571.8505049398838
5	46	686.7350289594962
5	47	590.8341560878146
5	48	733.9455020640156
5	49	348.9326582594412
5	50	223.0896680709351
5	51	857.5669070107591
5	52	270.8228203087768
5	53	296.3865718955567
5	54	331.30650461468457
5	55	358.0628436461957
5	56	412.0012135904456
5	57	453.21297421852347
5	58	338.514401466171
5	59	105.60303025955268
5	60	733.2148389114885
5	61	345.9089475570125
5	62	807.2719492215742
5	63	643.4695019967924
5	64	452.18690825807863
5	65	508.30797750969833
5	66	547.0109688114125
5	67	478.87889909662965
5	68	774.7115592270454
5	69	809.2490345993624
5	70	509.8676298805407
5	71	593.2992499573887
5	72	385.3751419072071
5	73	327.70260908329675
5	74	269.40861159213154
5	75	714.0602215499754
5	76	415.05903194605946
5	77	727.0907783764005
5	78	369.8986347636336
5	79	148.14182393908885
6	0	761.520190146
6	1	937.2299611087985
6	2	968.9298220201503
6	3	418.1219917679528
6	4	325.97699305319077
6	5	806.5345621856511
6	6	0.0
6	7	73.60027173862879
6	8	375.41044204976504
6	9	899.3936846565024
6	10	606.8648943545837
6	11	586.9625200981745
6	12	228.0
6	13	994.9035129096691
6	14	816.3577647085866
6	15	543.1362628291357
6	16	962.4229839317014
6	17	603.526304314899
6	18	671.2436219436279
6	19	861.0063878973257
6	20	272.97618943783357
6	21	856.8926420503329
6	22	869.2301191284158
6	23	833.0096037861748
6	24	546.4210830485954
6	25	754.1153757880819
6	26	329.23699670602025
6	27	738.9269246684681
6	28	163.19620093617377
6	29	1058.596240310724
6	30	66.21933252457322
6	31	817.2129465445344
6	32	882.6964370608958
6	33	209.24626639440905
6	34	554.1705513648303
6	35	277.58422145359776
6	36	906.5153059932303
6	37	672.8001189060537
6	38	828.7544871673396
6	39	221.89411889457548
6	40	1137.9459565374798
6	41	639.4192677735009
6	42	645.0193795538239
6	43	1021.0078354253703
6	44	268.04663773306316
6	45	242.11773995310628
6	46	158.8238017426859
6	47	220.22942582679545
6	48	301.4796842243271
6	49	805.2080476497983
6	50	584.4527354713981
6	51	852.000586854258
6	52	923.9161217340024
6	53	608.7766421274719
6	54	480.07707714491016
6	55	566.1881312779349
6	56	1017.7706028373977
6	57	1199.2330882693323
6	58	526.7731959771681
6	59	701.1262368503977
6	60	131.03434664239754
6	61	590.2550296270249
6	62	695.60477284159
6	63	750.68302232034
6	64	704.0063920164362
6	65	1241.7717181511262
6	66	736.5548180549769
6	67	403.17862046492496
6	68	680.0
6	69	109.59014554237986
6	70	664.0188250343509
6	71	821.6775523281624
6	72	487.01540016718155
6	73	534.4427003898547
6	74	772.1094482001888
6	75	159.66214329013624
6	76	1070.3569498069323
6	77	95.88013350011565
6	78	458.11898017873045
6	79	829.0042219434108
7	0	695.8160676500651
7	1	863.7459117124665
7	2	906.2505172412317
7	3	361.08309293014537
7	4	253.39692184397188
7	5	733.8971317562156
7	6	73.60027173862879
7	7	0.0
7	8	304.20059171540083
7	9	845.0159761803324
7	10	533.3460415152624
7	11	518.555686498567
7	12	193.22784478433744
7	13	921.9544457292888
7	14	755.2145390549629
7	15	469.97233961159884
7	16	896.2215127969201
7	17	534.5811444486235
7	18	597.706449689143
7	19	792.4954258543074
7	20	202.88173895153798
7	21	798.6701446780141
7	22	825.9213037572042
7	23	759.5182683780555
7	24	476.48819502690725
7	25	681.2965580420909
7	26	264.6393772664983
7	27	683.8143022780381
7	28	116.27553482998907
7	29	985.2517444795518
7	30	19.697715603592208
7	31	743.6154920387283
7	32	812.7607273976764
7	33	140.87228258248675
7	34	480.88252203630776
7	35	245.3935614477283
7	36	833.7871431006837
7	37	615.6663057208832
7	38	773.4112748079123
7	39	160.85397104206038
7	40	1064.9629101522737
7	41	571.1829829397931
7	42	587.296347681475
7	43	951.1014667216111
7	44	212.60761980700502
7	45	168.67127793433
7	46	100.31948963187563
7	47	146.64924138910504
7	48	268.00186566514793
7	49	734.8013336950335
7	50	511.4938904815971
7	51	810.2246602023416
7	52	857.8344828695102
7	53	544.2076809454273
7	54	409.0684539291682
7	55	495.025251881154
7	56	946.4142856064674
7	57	1125.8601156449233
7	58	461.5333140738597
7	59	628.3987587511612
7	60	92.30926280715278
7	61	519.0472040190565
7	62	656.9208475912452
7	63	695.7384566056414
7	64	651.9524522539969
7	65	1168.6333899046356
7	66	675.5383038732889
7	67	345.48516610702694
7	68	638.7307727047445
7	69	119.41942890501528
7	70	601.5729382211271
7	71	761.6803791617584
7	72	414.99036133385073
7	73	468.6704599182671
7	74	699.908565456946
7	75	114.75626344561765
7	76	998.2108995598074
7	77	40.52159917870962
7	78	384.6296920415791
7	79	755.4290171816277
8	0	523.7804883727533
8	1	571.3606566784241
8	2	620.6383810239261
8	3	161.9660458244258
8	4	57.271284253105414
8	5	479.5216366338437
8	6	375.41044204976504
8	7	304.20059171540083
8	8	0.0
8	9	592.8659207611785
8	10	265.5484889808262
8	11	343.04810158343685
8	12	249.08833774386147
8	13	656.5257039903312
8	14	614.6616955691968
8	15	224.1428116179504
8	16	599.8541489395568
8	17	233.63432966925043
8	18	310.84562084739105
8	19	491.06516879127156
8	20	187.3846311734236
8	21	532.0939766620179
8	22	622.9028816757874
8	23	468.215762229338
8	24	173.5885940953495
8	25	425.8368232081392
8	26	88.09086218218096
8	27	592.4457781096934
8	28	305.3948264132842
8	29	689.6035092718133
8	30	309.23453882126427
8	31	458.3993891793487
8	32	591.0211502137635
8	33	167.59773268156107
8	34	229.05457864884517
8	35	260.1922366251537
8	36	533.2400960167943
8	37	363.0385654444993
8	38	519.950959225964
8	39	171.1724276862369
8	40	765.5638444963294
8	41	271.8602582210206
8	42	491.86685190201626
8	43	647.3638853071741
8	44	283.1960451701259
8	45	143.38758663147937
8	46	225.99557517792246
8	47	166.5172663719892
8	48	259.37810239108467
8	49	430.76791895404654
8	50	266.00751869073173
8	51	615.0398361081988
8	52	670.6489394608777
8	53	402.5170803829323
8	54	225.39964507514205
8	55	190.85072700935672
8	56	642.384619990236
8	57	830.2078053114172
8	58	331.995481896968
8	59	377.81079921039844
8	60	270.04629232781554
8	61	214.89532335534898
8	62	489.800979990853
8	63	448.0379448216412
8	64	583.7876326199452
8	65	870.2700730233115
8	66	401.549498816771
8	67	318.6628312182015
8	68	461.5333140738597
8	69	344.7680379617577
8	70	324.49961479175903
8	71	488.9836398081228
8	72	112.80514172678478
8	73	332.0993827154757
8	74	397.39401102683973
8	75	245.81497106563708
8	76	695.3481142564492
8	77	281.5173174069403
8	78	111.11255554616679
8	79	467.68044645890427
9	0	915.2070803921919
9	1	594.0614446334655
9	2	181.62048342629197
9	3	484.0878019533233
9	4	647.9459854031044
9	5	720.6420748193933
9	6	899.3936846565024
9	7	845.0159761803324
9	8	592.8659207611785
9	9	0.0
9	10	618.561233832189
9	11	801.4786335268084
9	12	678.6199230791858
9	13	776.9710419314223
9	14	1024.2153093954414
9	15	657.4511388688896
9	16	263.8275952208184
9	17	404.1447760394782
9	18	561.1283275686587
9	19	311.70017645166644
9	20	780.2339392771888
9	21	82.03657720797473
9	22	175.231275747225
9	23	564.4749773019173
9	24	456.6015768698133
9	25	694.5365361159916
9	26	588.430114796991
9	27	1063.9896616039086
9	28	886.5776897711785
9	29	626.1317752677945
9	30	840.2333009349248
9	31	596.1476327219626
9	32	866.2794006554698
9	33	711.7534685549484
9	34	647.7437765042595
9	35	637.6284184381998
9	36	502.3554518465984
9	37	232.1055794245369
9	38	73.02739212103907
9	39	684.4925127421044
9	40	631.3049976041691
9	41	370.2998784768907
9	42	982.1552830382781
9	43	403.98267289575676
9	44	876.0468024027027
9	45	723.0560144276513
9	46	745.0771772105222
9	47	743.2967106075473
9	48	614.7137545231927
9	49	374.6691874173802
9	50	667.0007496247662
9	51	197.71696942852427
9	52	991.4454094906083
9	53	874.4426796537324
9	54	736.0387218074875
9	55	470.8566660885242
9	56	463.62916215440976
9	57	714.6894430450194
9	58	841.0784743411283
9	59	689.2815099797759
9	60	768.4952830043917
9	61	460.09781568705586
9	62	289.2490276561012
9	63	149.34523762075577
9	64	1078.5332632793484
9	65	714.7167271024234
9	66	201.8018830437417
9	67	890.6289912191271
9	68	277.90106153089806
9	69	815.7236051506662
9	70	274.79810770818636
9	71	129.20139318134306
9	72	534.8018324575936
9	73	835.1095736488716
9	74	451.313638171948
9	75	739.7330599614972
9	76	531.9971804436561
9	77	808.4763447374327
9	78	606.9266842049376
9	79	585.4955166352685
10	0	311.8878003385192
10	1	338.53360246805636
10	2	566.1978452802518
10	3	381.43544670101124
10	4	293.40074982862603
10	5	214.04905979704745
10	6	606.8648943545837
10	7	533.3460415152624
10	8	265.5484889808262
10	9	618.561233832189
10	10	0.0
10	11	185.32673849177834
10	12	514.5609779219564
10	13	393.4895170141131
10	14	418.5510721524913
10	15	71.69379331573968
10	16	507.997047235513
10	17	228.42285349763057
10	18	83.43260753446461
10	19	384.68818541774846
10	20	345.8106418258409
10	21	539.4293280866364
10	22	714.9181771363769
10	23	236.22446951998856
10	24	203.67866849525504
10	25	160.51479682571323
10	26	351.57360538015365
10	27	445.6231591827337
10	28	486.5408513167214
10	29	462.61539101071855
10	30	544.0974177479618
10	31	213.56497840235883
10	32	334.6072324382723
10	33	416.70253178976486
10	34	57.982756057296896
10	35	523.9236585610541
10	36	331.621772505968
10	37	437.74535976980957
10	38	555.2666026333657
10	39	431.3513648987331
10	40	549.3887512499687
10	41	253.31403435261933
10	42	365.1643465619282
10	43	496.9708240933264
10	44	409.4532940397476
10	45	366.67696955222044
10	46	477.5290567075474
10	47	387.3241536491108
10	48	520.5391435809606
10	49	301.42494919963076
10	50	52.3450093132096
10	51	717.0285907828222
10	52	431.7800365927077
10	53	257.3868683519033
10	54	166.78429182629878
10	55	171.40595088852663
10	56	466.75261113356396
10	57	601.1763468400932
10	58	240.46829312822095
10	59	115.27792503337315
10	60	523.817716386149
10	61	169.91762710207556
10	62	638.1825757571261
10	63	508.1830378908765
10	64	460.7168327725828
10	65	648.5938636774172
10	66	421.34309060431974
10	67	343.5724086710107
10	68	605.743344990269
10	69	599.9708326243868
10	70	362.579646422686
10	71	490.71070907409387
10	72	175.03428235634297
10	73	231.95258136093247
10	74	227.96929617823537
10	75	503.2385120397683
10	76	500.9241459542552
10	77	522.1877057151002
10	78	156.85024705112835
10	79	227.46648104720836
11	0	184.87833837418594
11	1	461.52464722915937
11	2	750.6650384825444
11	3	496.1179295288571
11	4	339.284541351356
11	5	258.88414397177746
11	6	586.9625200981745
11	7	518.555686498567
11	8	343.04810158343685
11	9	801.4786335268084
11	10	185.32673849177834
11	11	0.0
11	12	566.4035663729528
11	13	442.83179650969055
11	14	271.6928412748485
11	15	148.92279879185725
11	16	689.2002611723243
11	17	402.7170222376998
11	18	259.26241532470533
11	19	566.3682547600987
11	20	315.9699352786591
11	21	723.2772635718615
11	22	888.2893672672211
11	23	374.2191871083042
11	24	363.5890537406207
11	25	220.0295434708712
11	26	427.6751103349364
11	27	268.01865606707304
11	28	436.20637317673385
11	29	581.3028470599469
11	30	534.3032846614365
11	31	339.599764428658
11	32	297.95301643044326
11	33	441.0181402164768
11	34	156.01281998605114
11	35	591.5082417008236
11	36	483.01656286301403
11	37	609.1182151274086
11	38	736.3945953087923
11	39	470.3041569027431
11	40	673.9272957819709
11	41	432.53901558125364
11	42	180.6792738528689
11	43	663.8207589402429
11	44	336.07439652553126
11	45	377.1604433129222
11	46	496.4876634922564
11	47	390.2332635744934
11	48	595.503988231817
11	49	482.18772278024665
11	50	134.73678042761748
11	51	888.08332942354
11	52	342.58429619584143
11	53	73.06161783043132
11	54	121.49485585818027
11	55	338.60005906674024
11	56	623.9551265916484
11	57	709.3412436902285
11	58	79.63039620647382
11	59	175.5135322418189
11	60	541.2661083053325
11	61	344.223764432382
11	62	793.9175020113865
11	63	684.5728595262889
11	64	277.2183255125822
11	65	762.9652678857668
11	66	602.0664415162167
11	67	222.07206037680652
11	68	762.3417868646583
11	69	613.6684772741712
11	70	538.3623315203247
11	71	674.5227942775545
11	72	304.7310289419179
11	73	68.81860213634101
11	74	403.985148241863
11	75	529.0945095160221
11	76	645.3874805107394
11	77	521.6454734779168
11	78	244.8999795835026
11	79	357.26320829326943
12	0	751.2715887081049
12	1	810.4221122353462
12	2	763.9378246951777
12	3	211.81595785020542
12	4	230.0195643852931
12	5	728.4023613360956
12	6	228.0
12	7	193.22784478433744
12	8	249.08833774386147
12	9	678.6199230791858
12	10	514.5609779219564
12	11	566.4035663729528
12	12	0.0
12	13	905.145844601852
12	14	830.753874501949
12	15	468.7824655423878
12	16	769.4218608799727
12	17	433.85250950063664
12	18	556.8841890375413
12	19	680.5674103275884
12	20	284.42925306655786
12	21	642.4834628221959
12	22	641.3119365800078
12	23	709.4342816639185
12	24	387.19504129056196
12	25	674.64509188165
12	26	166.388100536066
12	27	784.1358300702755
12	28	286.81875810344064
12	29	924.0487000153184
12	30	180.71247881648904
12	31	703.2474671123956
12	32	835.4549658718895
12	33	135.08515832614626
12	34	475.3283075938146
12	35	52.20153254455275
12	36	761.9356928245322
12	37	458.33175757304883
12	38	609.7032064865659
12	39	97.8008179924892
12	40	993.5396318214991
12	41	463.7423853822292
12	42	682.4617205382292
12	43	846.414201204115
12	44	348.644518098306
12	45	199.81241202688085
12	46	107.44766167767449
12	47	197.29419656948858
12	48	74.95331880577403
12	49	638.4293226348552
12	50	511.6492939504559
12	51	624.0008012815368
12	52	905.9740614388471
12	53	612.8825336065631
12	54	445.08201491410546
12	55	416.2703448481527
12	56	854.5975661093355
12	57	1063.3983261224366
12	58	532.3701719668373
12	59	625.8705936533526
12	60	101.6366075781753
12	61	439.2095172010734
12	62	467.89956187198976
12	63	531.6286297783445
12	64	762.7640526401333
12	65	1099.1837880900537
12	66	529.8764006822723
12	67	457.23626277888326
12	68	452.0
12	69	137.2953021774598
12	70	462.91359884972053
12	71	611.3411486232544
12	72	353.5647041207592
12	73	536.1464352208266
12	74	623.8020519363495
12	75	79.62411694957753
12	76	914.601552589979
12	77	152.73833834371774
12	78	358.75479090877656
12	79	711.1680532757359
13	0	360.5551275463989
13	1	184.8053029542172
13	2	636.4793790846644
13	3	747.3185398476342
13	4	686.8900931007813
13	5	189.8341381311591
13	6	994.9035129096691
13	7	921.9544457292888
13	8	656.5257039903312
13	9	776.9710419314223
13	10	393.4895170141131
13	11	442.83179650969055
13	12	905.145844601852
13	13	0.0
13	14	429.2842880889074
13	15	452.1968597856469
13	16	544.959631532465
13	17	529.1360883553493
13	18	351.25631666918105
13	19	465.29238119702757
13	20	725.4743275954015
13	21	698.4167810125986
13	22	928.7464670188523
13	23	230.24334952393303
13	24	545.1174185439316
13	25	240.95850265139018
13	26	739.7148099098733
13	27	540.6163149591399
13	28	861.1805850110649
13	29	222.94618184665106
13	30	934.0085652712185
13	31	216.08331726442927
13	32	198.92712233378333
13	33	810.0302463488632
13	34	441.8506535018365
13	35	909.8054737140242
13	36	275.6972977742074
13	37	697.1405884038026
13	38	741.2077981241158
13	39	824.5592762197269
13	40	304.64733709651887
13	41	525.480732282355
13	42	531.5759588243245
13	43	435.57088975274735
13	44	769.4738462092133
13	45	758.0567261095966
13	46	870.8248962908674
13	47	777.7261728912047
13	48	903.5623940824452
13	49	410.94646853331153
13	50	410.4655893007354
13	51	941.2332335824102
13	52	304.381339769704
13	53	468.5232118049222
13	54	521.1381774539263
13	55	509.5586325438909
13	56	367.6139279189514
13	57	302.27305536550887
13	58	521.7940206633265
13	59	294.15132160165456
13	60	917.1788266199782
13	61	492.1077117867591
13	62	919.6004567201998
13	63	733.0948096938076
13	64	587.2461153553934
13	65	360.45526768241297
13	66	636.2515225914984
13	67	664.7345334793432
13	68	888.005067553108
13	69	993.3362975347271
13	70	619.3367420071249
13	71	659.7006897070822
13	72	553.9900721132103
13	73	511.09685970469434
13	74	353.17984087430585
13	75	896.7234802323401
13	76	337.6758800980609
13	77	913.6662410311546
13	78	550.1018087590696
13	79	216.33538776631067
14	0	109.01834707974616
14	1	546.1501625011202
14	2	939.364146643888
14	3	767.0006518902054
14	4	607.9613474555763
14	5	330.7960096494515
14	6	816.3577647085866
14	7	755.2145390549629
14	8	614.6616955691968
14	9	1024.2153093954414
14	10	418.5510721524913
14	11	271.6928412748485
14	12	830.753874501949
14	13	429.2842880889074
14	14	0.0
14	15	410.11339895204594
14	16	862.3653518086171
14	17	646.853924777457
14	18	463.53424900432117
14	19	747.8957146554592
14	20	561.2878049628372
14	21	942.8112218254511
14	22	1132.1152768159257
14	23	500.8283138960895
14	24	618.8570109484097
14	25	337.6536687198882
14	26	698.5993129111995
14	27	124.80785231707178
14	28	654.752625042466
14	29	637.2832965016422
14	30	773.064680346994
14	31	461.72827507095553
14	32	230.7834482799839
14	33	700.3770413141767
14	34	412.97578621512423
14	35	859.3305533960723
14	36	606.7833221175414
14	37	856.1144783263509
14	38	965.783619658151
14	39	733.2946201902753
14	40	727.0247588631353
14	41	669.6484152150291
14	42	178.35358140502814
14	43	797.3788309204101
14	44	548.9672121356612
14	45	634.8488008967174
14	46	751.4871921729605
14	47	644.1498272917568
14	48	864.6860702012032
14	49	666.3212438456394
14	50	381.0052493076703
14	51	1135.0440520085554
14	52	153.8083222715858
14	53	217.89217516927954
14	54	390.858030491891
14	55	588.8471788163716
14	56	740.6139345164929
14	57	731.5572431464267
14	58	299.5496619927988
14	59	335.0373113550191
14	60	793.8324760300501
14	61	588.4666515614967
14	62	1054.2001707455752
14	63	924.4160318817496
14	64	178.22738285684386
14	65	789.7347656017178
14	66	833.9526365447861
14	67	414.03019213579097
14	68	1022.0176123727027
14	69	861.7946391107339
14	70	779.9467930570648
14	71	895.0139663714751
14	72	570.087712549569
14	73	294.93219559756443
14	74	583.7096881155906
14	75	785.6436851397713
14	76	736.0271734114169
14	77	766.2878049401543
14	78	515.190256119038
14	79	478.2718892011112
15	0	310.0354818403855
15	1	409.3372692536071
15	2	620.5610364823109
15	3	361.4982710885351
15	4	240.8318915758459
15	5	265.73106705840775
15	6	543.1362628291357
15	7	469.97233961159884
15	8	224.1428116179504
15	9	657.4511388688896
15	10	71.69379331573968
15	11	148.92279879185725
15	12	468.7824655423878
15	13	452.1968597856469
15	14	410.11339895204594
15	15	0.0
15	16	568.0712983420303
15	17	255.3918557824427
15	18	153.57408635573907
15	19	445.0
15	20	277.46170906991836
15	21	580.8579860861
15	22	739.6053001432589
15	23	307.6263967867517
15	24	214.67417171145672
15	25	212.32286735064596
15	26	312.23068395018447
15	27	416.94124286282835
15	28	417.3463789228319
15	29	533.5175723441544
15	30	481.82361918029716
15	31	283.6370920736567
15	32	367.2301730522698
15	33	360.855926929294
15	34	13.92838827718412
15	35	484.0041322137653
15	36	403.01985062773275
15	37	460.4052562688658
15	38	590.7935341555458
15	39	380.0894631530845
15	40	620.8188141478961
15	41	287.20027855139693
15	42	327.28733553255614
15	43	565.1548460377917
15	44	338.0532502432124
15	45	306.22867272677126
15	46	421.2196576609406
15	47	325.5764119219941
15	48	483.50077559400046
15	49	363.5505466919284
15	50	43.174066289845804
15	51	739.2009199128476
15	52	448.7426879627121
15	53	221.20578654275752
15	54	96.77293009927931
15	55	190.26297590440447
15	56	537.1349923436379
15	57	671.5094936037763
15	58	185.16209115258988
15	59	160.3652081967906
15	60	467.70610430055325
15	61	197.6765034089788
15	62	646.5918341581496
15	63	536.7327081518323
15	64	424.34891304208617
15	65	719.5401309169629
15	66	456.607052069939
15	67	274.33191575170395
15	68	614.7820752103952
15	69	543.6625791794024
15	70	390.7172890978847
15	71	532.2264555619158
15	72	160.01562423713506
15	73	178.35358140502814
15	74	294.56747953567447
15	75	449.16923314047233
15	76	572.4377695435549
15	77	461.6708784404752
15	78	113.7453295744489
15	79	298.1358750637031
16	0	756.770110403417
16	1	360.8018846957427
16	2	93.15041599477696
16	3	557.609182133867
16	4	656.494478270762
16	5	535.1971599326738
16	6	962.4229839317014
16	7	896.2215127969201
16	8	599.8541489395568
16	9	263.8275952208184
16	10	507.997047235513
16	11	689.2002611723243
16	12	769.4218608799727
16	13	544.959631532465
16	14	862.3653518086171
16	15	568.0712983420303
16	16	0.0
16	17	366.8378388334551
16	18	429.94185653411324
16	19	123.3288287465668
16	20	774.0917258309896
16	21	206.90335908341362
16	22	437.55342530941294
16	23	364.8026863936174
16	24	428.1798687467686
16	25	525.235185416971
16	26	633.2021794024402
16	27	927.5866536340419
16	28	904.1354986947476
16	29	368.982384403375
16	30	897.2630606460962
16	31	402.7964746618322
16	32	670.3737763367538
16	33	755.3502498841183
16	34	555.1765484960617
16	35	741.9737192111322
16	36	273.38617375427015
16	37	335.8005360329254
16	38	263.3704615176121
16	39	741.0026990504151
16	40	367.6044069376753
16	41	328.0746866187637
16	42	862.7328671147286
16	43	140.1606221447379
16	44	862.9513311884975
16	45	743.1722545951242
16	46	803.9334549575606
16	47	766.1807880650623
16	48	723.0435671520769
16	49	207.04105872990507
16	50	560.3257980853639
16	51	458.0272917632747
16	52	798.5142453331688
16	53	757.617977611408
16	54	662.148019705564
16	55	421.3181695583517
16	56	202.07176942858692
16	57	450.87692333939646
16	58	748.4089791016673
16	59	538.327038146887
16	60	838.9755657943799
16	61	400.2811511925087
16	62	509.2150822589606
16	63	305.30804116498473
16	64	953.4846616490482
16	65	452.0011061933367
16	66	250.83261350948763
16	67	836.7442859081859
16	68	486.5572936458768
16	69	901.9534356051869
16	70	307.4166553718259
16	71	197.5854245636555
16	72	503.7955934702089
16	73	739.9493225890541
16	74	286.70019183809416
16	75	810.1913354263918
16	76	268.68941177500835
16	77	866.5892914177973
16	78	564.6600747352339
16	79	387.62094886628614
17	0	539.6156039256092
17	1	394.87213120198794
17	2	394.83287603744446
17	3	235.73289969794203
17	4	289.8706608127149
17	5	394.65681294005304
17	6	603.526304314899
17	7	534.5811444486235
17	8	233.63432966925043
17	9	404.1447760394782
17	10	228.42285349763057
17	11	402.7170222376998
17	12	433.85250950063664
17	13	529.1360883553493
17	14	646.853924777457
17	15	255.3918557824427
17	16	366.8378388334551
17	17	0.0
17	18	199.8499437077729
17	19	257.9922479455536
17	20	408.724846320847
17	21	330.3891644712338
17	22	487.1190819501942
17	23	304.6850833237492
17	24	61.61168720299745
17	25	350.85324567402824
17	26	278.4546641735419
17	27	669.6036140882156
17	28	537.2978689702761
17	29	498.4475900232641
17	30	537.5062790330918
17	31	313.05750270517393
17	32	536.9255069374149
17	33	394.4058823090751
17	34	246.88661365088225
17	35	420.0773738253466
17	36	333.24165405903267
17	37	209.32271735289507
17	38	336.0148806228677
17	39	385.923567562283
17	40	562.0008896790112
17	41	39.45883931389772
17	42	582.4723169387538
17	43	418.09687872549347
17	44	499.9249943741561
17	45	377.0
17	46	447.41144375172166
17	47	400.15122141510454
17	48	406.97174349087186
17	49	205.10485123467947
17	50	270.96309711840837
17	51	488.6972477925367
17	52	648.1396454468744
17	53	475.66059328054496
17	54	332.03915431767985
17	55	66.73080248281148
17	56	421.1614892176159
17	57	635.0590523722971
17	58	437.3122454265373
17	59	325.16149833582693
17	60	486.6888122815235
17	61	58.89821729050889
17	62	415.58873901971884
17	63	281.9024654024863
17	64	679.4622874008535
17	65	667.6503575974479
17	66	202.4080037943164
17	67	492.309861774066
17	68	382.94124875756074
17	69	555.901070335361
17	70	135.66502865514016
17	71	282.57742301889584
17	72	140.356688476182
17	73	431.65379646193315
17	74	197.101496696499
17	75	459.07733553291433
17	76	480.8201326899696
17	77	507.9261757381677
17	78	208.54016399725018
17	79	314.2292157008956
18	0	354.54336829223024
18	1	266.2480046873591
18	2	493.1095213033307
18	3	397.665688738669
18	4	348.919761549844
18	5	196.22945752358385
18	6	671.2436219436279
18	7	597.706449689143
18	8	310.84562084739105
18	9	561.1283275686587
18	10	83.43260753446461
18	11	259.26241532470533
18	12	556.8841890375413
18	13	351.25631666918105
18	14	463.53424900432117
18	15	153.57408635573907
18	16	429.94185653411324
18	17	199.8499437077729
18	18	0.0
18	19	307.14817271147814
18	20	418.9367494025799
18	21	480.1135282409776
18	22	672.1703653092719
18	23	162.0524606416083
18	24	198.8164983093707
18	25	151.00331122197287
18	26	390.6212999824766
18	27	507.2839441575103
18	28	560.1615838309514
18	29	388.91901470614675
18	30	606.8451202736989
18	31	147.73286702694156
18	32	337.0771425059848
18	33	472.7620966194308
18	34	139.64598096615597
18	35	559.128786595718
18	36	250.05999280172747
18	37	402.15917246781777
18	38	502.3086700426342
18	39	481.6897341650536
18	40	472.7504627179121
18	41	213.00938946440834
18	42	434.76200385958293
18	43	413.67257583746107
18	44	488.26734480200497
18	45	429.16779935125606
18	46	533.2063390470897
18	47	451.0798155537443
18	48	552.4146992975477
18	49	222.92599668948438
18	50	133.73481222179961
18	51	677.0738512156558
18	52	449.87220407577973
18	53	328.39762483915746
18	54	249.81993515330197
18	55	162.69296235547498
18	56	383.631333443972
18	57	529.0368607195533
18	58	321.0389384482823
18	59	130.17680284904833
18	60	578.6622503671723
18	61	149.68299836654796
18	62	614.9227593771433
18	63	463.97521485527653
18	64	527.9138187242307
18	65	574.0601013831217
18	66	371.2640569729313
18	67	426.9203672817684
18	68	582.2782839845567
18	69	654.2858702432752
18	70	323.05572274763995
18	71	431.983795992396
18	72	203.66639388961548
18	73	312.00160255998685
18	74	146.00342461736986
18	75	555.7877292636101
18	76	419.6474710992549
18	77	582.7495173743175
18	78	213.21585306913744
18	79	158.11388300841898
19	0	640.8876656638041
19	1	282.65172916506276
19	2	191.47062437878037
19	3	471.0689970694314
19	4	546.5757038142109
19	5	425.9319194425325
19	6	861.0063878973257
19	7	792.4954258543074
19	8	491.06516879127156
19	9	311.70017645166644
19	10	384.68818541774846
19	11	566.3682547600987
19	12	680.5674103275884
19	13	465.29238119702757
19	14	747.8957146554592
19	15	445.0
19	16	123.3288287465668
19	17	257.9922479455536
19	18	307.14817271147814
19	19	0.0
19	20	659.0295896240168
19	21	234.138847695123
19	22	468.97867755368156
19	23	259.7864507629295
19	24	317.52165280497013
19	25	410.2998903241384
19	26	533.6974798516478
19	27	808.149119903004
19	28	792.2329202955403
19	29	329.94848082693153
19	30	795.1157148491029
19	31	295.16944286290885
19	32	566.8447759307658
19	33	652.1134870557424
19	34	432.0289342162166
19	35	658.836094943196
19	36	191.02355875650522
19	37	288.7351727794866
19	38	280.93059641128445
19	39	641.8044873635585
19	40	359.9180462271932
19	41	221.60550534677608
19	42	740.9466917396959
19	43	167.10774967068403
19	44	745.7647082022587
19	45	634.1616513161293
19	46	703.9893465103005
19	47	657.4077882106357
19	48	642.0420546973539
19	49	84.40379138403677
19	50	437.0228826960895
19	51	484.2241216626863
19	52	694.3810193258454
19	53	635.2928458592935
19	54	539.4905003797564
19	55	305.94934221207274
19	56	192.5850461484484
19	57	442.6511041441103
19	58	625.0839943559586
19	59	419.1443665373543
19	60	741.8045564702336
19	61	283.6564823867066
19	62	495.84876726679477
19	63	291.06184909740404
19	64	832.5605083115581
19	65	459.4921109224836
19	66	206.1674077054858
19	67	714.7817848826312
19	68	468.0726439346782
19	69	808.5752902482242
19	70	234.95744295510198
19	71	199.6246477767713
19	72	389.2813892289227
19	73	616.640089517378
19	74	166.0873264279969
19	75	713.616143315158
19	76	262.94486114012574
19	77	765.2483257087205
19	78	446.5344331627741
19	79	282.02836736753983
20	0	495.3312023283007
20	1	683.4881125520765
20	2	802.3297327159203
20	3	325.64090652127845
20	4	133.18032887780387
20	5	536.1063327363332
20	6	272.97618943783357
20	7	202.88173895153798
20	8	187.3846311734236
20	9	780.2339392771888
20	10	345.8106418258409
20	11	315.9699352786591
20	12	284.42925306655786
20	13	725.4743275954015
20	14	561.2878049628372
20	15	277.46170906991836
20	16	774.0917258309896
20	17	408.724846320847
20	18	418.9367494025799
20	19	659.0295896240168
20	20	0.0
20	21	719.0027816357875
20	22	803.8140332191272
20	23	579.9939654858488
20	24	347.1310991541956
20	25	484.58023071520364
20	26	215.59452683219953
20	27	503.0159043211258
20	28	141.2267680009707
20	29	807.1443489240323
20	30	218.34147567514515
20	31	559.3254866354653
20	32	610.0040983468882
20	33	149.41218156495808
20	34	289.74644087546613
20	35	324.5196450139806
20	36	665.6380397783769
20	37	549.9745448654874
20	38	707.3005019084886
20	39	189.21152184790438
20	40	891.6709034167259
20	41	448.1305613322974
20	42	402.3754465670091
20	43	805.2359902537889
20	44	96.0260381354974
20	45	87.45856161634491
20	46	192.1067411623028
20	47	87.32124598286491
20	48	337.40480138848056
20	49	589.5659420285402
20	50	316.602274154814
20	51	794.058562072093
20	52	656.6559220779175
20	53	346.01300553591915
20	54	207.23416706711276
20	55	353.27751131369797
20	56	789.8613802433944
20	57	946.4903591690726
20	58	263.0019011338131
20	59	431.3444099556641
20	60	232.81322986462774
20	61	375.37847567488467
20	62	658.8732806845335
20	63	634.9338548226893
20	64	479.10437276234495
20	65	992.744176512761
20	66	588.0688735173798
20	67	173.04623659588788
20	68	633.1792795093661
20	69	301.0016611249845
20	70	511.0352238349134
20	71	675.2673544604389
20	72	270.325729445053
20	73	269.1858094328154
20	74	539.8008892174965
20	75	227.01541797860338
20	76	834.2781310809962
20	77	206.70026608594387
20	78	216.0208323287363
20	79	572.8420375635852
21	0	833.826120962878
21	1	516.7059124879452
21	2	144.40221604947757
21	3	438.7812666921869
21	4	588.4114206913391
21	5	638.658750820812
21	6	856.8926420503329
21	7	798.6701446780141
