21
0 1923
1 1189
2 911
3 1317
4 1329
5 1310
6 1149
7 2072
8 1981
9 999
10 984
11 723
12 2117
13 2120
14 1595
15 1098
16 1783
17 1753
18 730
19 1654
20 1616
21 827
22 1125
23 1394
24 918
25 1583
26 2001
27 805
28 2074
29 1070
30 1943
31 1992
32 1023
33 1537
34 1852
35 974
36 1115
37 1626
38 857
39 1733
40 1601
41 1419
42 1494
43 1110
44 1235
45 1187
46 1303
47 1376
48 1599
49 1367
50 1455
51 1819
52 859
53 1951
54 1442
55 2018
56 1025
57 1595
58 2063
59 942
60 1162
61 1817
62 2049
63 1196
64 1706
65 1738
66 968
67 1094
68 2040
69 1669
70 1355
71 1670
72 1661
73 1811
74 1585
75 793
76 1734
77 1042
78 1669
79 733
80 1659
81 788
82 797
83 1528
84 1712
85 1444
86 1922
87 1544
88 1553
89 1557
90 1127
91 1618
92 1037
93 2037
94 1296
95 1100
96 1655
97 1632
98 732
99 1469
0	0	0.0
0	1	460.9262413879253
0	2	96.13532129243653
0	3	564.8521930558471
0	4	263.00570336021235
0	5	456.82600626496736
0	6	490.61593940678284
0	7	779.3753909381537
0	8	301.10629352439645
0	9	927.2583243088195
0	10	962.4162301208349
0	11	256.1581542719263
0	12	512.3768144637304
0	13	813.177717353347
0	14	240.30397416605493
0	15	91.00549433962765
0	16	251.76576415390556
0	17	624.0392615853589
0	18	530.2263667529181
0	19	505.60063291099624
0	20	279.8731855680354
0	21	651.7768022874088
0	22	714.087529648852
0	23	877.2485394687186
0	24	670.2313033572813
0	25	589.0101866691272
0	26	984.391182406669
0	27	328.63657739210953
0	28	50.695167422546305
0	29	675.8653712093852
0	30	669.6058542157468
0	31	621.6622877415036
0	32	1075.4245673221344
0	33	143.29340529138108
0	34	550.4588994648011
0	35	329.946965435356
0	36	922.6407751665866
0	37	245.10609947530887
0	38	595.3729923333775
0	39	872.3032729504114
0	40	352.9660040287166
0	41	948.3037488062567
0	42	736.5548180549769
0	43	978.2893232576956
0	44	721.5019057493888
0	45	760.848210880462
0	46	209.15305400591214
0	47	517.1740519399634
0	48	351.0697936308392
0	49	649.7884271053156
0	50	369.4455304913026
0	51	1046.5419246260515
0	52	606.7857941646294
0	53	208.48261318392957
0	54	752.2153946842619
0	55	569.3856338194704
0	56	969.2161781563492
0	57	890.1937991246625
0	58	163.63679292872982
0	59	734.3296262578543
0	60	751.3720782674852
0	61	510.03725354134673
0	62	465.1881339845203
0	63	115.10864433221339
0	64	607.2380093505346
0	65	361.2976612157903
0	66	908.8949334219
0	67	394.95442775084825
0	68	813.4912415017141
0	69	862.9513311884975
0	70	538.6399539581148
0	71	148.66068747318505
0	72	1000.9795202700203
0	73	631.6613016482805
0	74	403.832886228945
0	75	311.3278015211619
0	76	976.3872182694732
0	77	183.63550854886427
0	78	554.3753241261736
0	79	675.7099969661541
0	80	563.1500688093716
0	81	74.63243262818116
0	82	310.16124838541646
0	83	829.9843372016124
0	84	571.4840330227959
0	85	1012.0894229266503
0	86	355.5741835398065
0	87	719.2614267427386
0	88	668.0067364929788
0	89	97.49358953285082
0	90	682.4719774466934
0	91	409.78164917428893
0	92	653.3911539039996
0	93	727.6936168470904
0	94	495.1171578525632
0	95	688.367634335026
0	96	154.2595215861893
0	97	746.8687970453713
0	98	254.8921340488953
0	99	138.19551367537227
1	0	460.9262413879253
1	1	0.0
1	2	364.81913327017264
1	3	121.24768039018313
1	4	270.9335711941213
1	5	571.4341606869509
1	6	649.2495668077107
1	7	452.18690825807863
1	8	448.41275628599146
1	9	475.94642555649057
1	10	799.2258754569949
1	11	435.1781244502072
1	12	332.77770358003255
1	13	418.35989291517893
1	14	415.9627387158614
1	15	482.0840175737005
1	16	417.6038792923265
1	17	683.6870629169459
1	18	680.864891149485
1	19	98.04590761474952
1	20	262.8003044138267
1	21	387.9845357743012
1	22	262.0686932847951
1	23	542.5605956941583
1	24	232.86262044390037
1	25	133.68619973654722
1	26	819.2954290120261
1	27	138.69751259485514
1	28	410.46437117002006
1	29	516.4929815592851
1	30	692.6073923948545
1	31	229.7063342618135
1	32	846.0053191322145
1	33	559.1511423577707
1	34	364.12360538696197
1	35	155.66630977832037
1	36	532.4593881226999
1	37	218.28421839427605
1	38	718.4010022264724
1	39	474.8494498259422
1	40	629.215384427304
1	41	546.2133282884994
1	42	492.2052417437263
1	43	519.2427178112371
1	44	283.7463656154912
1	45	461.3296001775737
1	46	362.0
1	47	433.0288673980062
1	48	412.78686994622296
1	49	576.9038048063126
1	50	93.81364506296512
1	51	816.8041380894198
1	52	705.6415520645025
1	53	256.2537804599183
1	54	550.5787863693987
1	55	143.7810835958611
1	56	817.5921966359513
1	57	599.8283087684342
1	58	450.99889135118724
1	59	273.5415873317986
1	60	543.3645185324489
1	61	421.019001946468
1	62	609.9090096071708
1	63	399.02004962156974
1	64	246.78127967899024
1	65	261.1991577321795
1	66	448.1037826218386
1	67	276.1159176867571
1	68	482.78463107269687
1	69	439.52701850967026
1	70	797.4371448584521
1	71	563.4971162304205
1	72	755.2648542067875
1	73	548.1103903412159
1	74	474.352189833672
1	75	151.10923201446033
1	76	515.911814169825
1	77	392.56209699867867
1	78	278.0017985553331
1	79	740.6652415227813
1	80	144.91721774861674
1	81	422.8297529739363
1	82	171.18703221914913
1	83	382.00130889828114
1	84	237.8423847845459
1	85	823.6139872537377
1	86	246.1422353030865
1	87	600.5231053007036
1	88	499.6498774141749
1	89	536.2406176335396
1	90	340.177894637497
1	91	125.25174649480941
1	92	445.31449560956355
1	93	642.309115613347
1	94	609.8606398186392
1	95	671.5035368484666
1	96	502.46691433367033
1	97	670.820393249937
1	98	469.31972044652036
1	99	371.6517186829626
2	0	96.13532129243653
2	1	364.81913327017264
2	2	0.0
2	3	469.91488591020396
2	4	188.55768348173987
2	5	443.12526445690276
2	6	491.24535621214784
2	7	697.6216739752285
2	8	282.4694673765644
2	9	831.9483157023639
2	10	909.9148311792703
2	11	239.47651241823277
2	12	440.98526052465746
2	13	723.5938087076202
2	14	218.22007240398395
2	15	139.9428454762872
2	16	224.80213522117623
2	17	606.7264622546144
2	18	530.9708089904755
2	19	411.8859065323794
2	20	201.8539075668341
2	21	575.3060055309696
2	22	618.4698860898565
2	23	795.9302733280095
2	24	576.4512121593639
2	25	493.39335220491165
2	26	931.933474020544
2	27	232.99785406737118
2	28	45.69463863518345
2	29	616.4186888795634
2	30	645.9055658530897
2	31	531.6032355055789
2	32	1013.0192495703129
2	33	214.27319011019554
2	34	480.5340778758568
2	35	236.35777964771967
2	36	834.4435271484823
2	37	150.08331019803634
2	38	592.1629843210397
2	39	782.8646115389301
2	40	380.34852438257207
2	41	858.7630639472101
2	42	665.4660021368485
2	43	882.5599129804164
2	44	627.9530237207239
2	45	682.4338795810185
2	46	165.97891432347663
2	47	462.6499756835614
2	48	315.0745943423557
2	49	605.1421320648564
2	50	273.3642258965134
2	51	983.7093066551724
2	52	598.0777541423857
2	53	113.63538181394033
2	54	688.2746544803172
2	55	475.69107622489616
2	56	918.9396062854186
2	57	815.4072602080508
2	58	167.0
2	59	638.2679688030726
2	60	686.3716194598958
2	61	454.03964584604284
2	62	460.2977297358743
2	63	94.86832980505137
2	64	518.2277491605404
2	65	288.6693610343848
2	66	812.7607273976764
2	67	324.4641736771565
2	68	731.8264821663671
2	69	770.473231202746
2	70	570.1096385784053
2	71	219.44019686465833
2	72	934.8507902333934
2	73	584.0975945850146
2	74	373.36978988664845
2	75	215.61307938063499
2	76	880.4055883511871
2	77	156.21779668142807
2	78	472.39178655010505
2	79	661.7869747887155
2	80	468.89231173052946
2	81	79.84985911070852
2	82	217.86693186438367
2	83	734.882303501724
2	84	485.9835388158739
2	85	955.9084684215325
2	86	277.24537868105216
2	87	668.674061108998
2	88	606.7231658672677
2	89	179.30142219179413
2	90	597.0343373709757
2	91	318.6863661972379
2	92	585.1034096636251
2	93	683.7104650361877
2	94	484.2571630858959
2	95	656.7800240567614
2	96	189.1718795170149
2	97	705.3601916751469
2	98	247.52373623553763
2	99	96.16652224137046
3	0	564.8521930558471
3	1	121.24768039018313
3	2	469.91488591020396
3	3	0.0
3	4	341.14219909005686
3	5	688.5608179384011
3	6	767.3551980667102
3	7	483.1976821136459
3	8	496.95170791536674
3	9	410.8357335967747
3	10	864.2713694205079
3	11	494.0010121447121
3	12	428.46703490467036
3	13	413.73421420037283
3	14	478.3387920710592
3	15	594.9554605178441
3	16	538.8023756443544
3	17	792.9016332433677
3	18	797.9536327381435
3	19	67.00746227100382
3	20	384.0117185711915
3	21	452.32842050881567
3	22	213.3377603707323
3	23	562.1040828885697
3	24	111.94641575325224
3	25	37.16180835212409
3	26	883.0854998243375
3	27	256.00781238079435
3	28	515.4143963841134
3	29	597.9297617613628
3	30	797.1712488543475
3	31	123.4908903522847
3	32	890.3235366988789
3	33	672.5035315892401
3	34	454.13324036013927
3	35	276.3059898011623
3	36	521.6013803662717
3	37	319.88279103446627
3	38	832.7838855309342
3	39	463.2072970064267
3	40	750.4405372846006
3	41	526.2945943100689
3	42	551.9284373902109
3	43	415.58152028212226
3	44	163.35544068074378
3	45	503.6586145396503
3	46	434.3051922323748
3	47	535.9561549231429
3	48	446.75272802748503
3	49	672.0066963952071
3	50	210.7225664232476
3	51	862.1136815988945
3	52	818.2108530201735
3	53	367.69144673217517
3	54	618.5353668142186
3	55	35.4682957019364
3	56	884.8785227363132
3	57	634.6692051769961
3	58	569.3794868099833
3	59	183.06829326784035
3	60	610.0442606893372
3	61	524.1717275855309
3	62	727.9629111431433
3	63	488.937623833552
3	64	293.07336965340266
3	65	295.3269374777723
3	66	358.24014292091834
3	67	295.16944286290885
3	68	509.1659847240387
3	69	409.59125967237145
3	70	918.1268975473924
3	71	677.0598201045459
3	72	797.923555235713
3	73	643.0069984067047
3	74	591.6358677429894
3	75	255.03921267130667
3	76	416.9628280794344
3	77	468.5381521285113
3	78	355.60933621039817
3	79	848.9016433015075
3	80	182.18671740826773
3	81	534.1947210521646
3	82	257.6082296822056
3	83	327.6339420756036
3	84	164.75436261295178
3	85	880.9409741861256
3	86	364.58880948268285
3	87	685.4524053499265
3	88	580.2594247403483
3	89	646.1772202732003
3	90	377.95502377928517
3	91	169.30741271426953
3	92	520.5016810731738
3	93	731.7103251970686
3	94	726.0337457721921
3	95	771.2561182901566
3	96	619.4658989807268
3	97	760.6451209335402
3	98	590.4439008068421
3	99	459.9521714265517
4	0	263.00570336021235
4	1	270.9335711941213
4	2	188.55768348173987
4	3	341.14219909005686
4	4	0.0
4	5	592.8389325946804
4	6	652.8859012109236
4	7	695.2769232471333
4	8	185.39956850003725
4	9	742.1724866902572
4	10	982.1817550738764
4	11	165.38742394752995
4	12	491.03360373807413
4	13	683.7031519599716
4	14	145.27904184706065
4	15	327.8078705583501
4	16	379.2967176235513
4	17	745.7995709304209
4	18	691.5316334051538
4	19	274.96181553081146
4	20	278.23910580649874
4	21	598.7027643163175
4	22	530.5101318542371
4	23	791.3109376218681
4	24	433.23203944306795
4	25	372.94101410276664
4	26	1003.7579389474337
4	27	197.57024067404484
4	28	223.98660674245681
4	29	683.931283097944
4	30	775.427623959838
4	31	370.47537030145475
4	32	1059.9858489621454
4	33	399.43084507834396
4	34	530.9472666847433
4	35	226.98237817064125
4	36	798.1892006285227
4	37	112.37882362794157
4	38	747.3185398476342
4	39	741.5962513389613
4	40	562.2748438263977
4	41	814.5600039285013
4	42	700.4091661307696
4	43	753.6059978529895
4	44	481.9761404883026
4	45	693.173859864897
4	46	93.34345183246653
4	47	550.8402672281684
4	48	173.44163283364233
4	49	703.3612158770201
4	50	209.74746720759228
4	51	1030.2553081639521
4	52	747.3586822938502
4	53	165.42369842317032
4	54	741.4849964766651
4	55	335.2193311848229
4	56	995.6585760189082
4	57	832.9231657241861
4	58	348.1738071710737
4	59	523.2246171578704
4	60	736.9694701953399
4	61	539.9351812949402
4	62	618.0258894253541
4	63	160.20611723651504
4	64	493.27679856242986
4	65	100.17983829094555
4	66	699.212414077439
4	67	135.9301291105103
4	68	728.3323417231999
4	69	710.1696980299849
4	70	751.3035338663062
4	71	404.74189306272706
4	72	974.0328536553579
4	73	677.9793507179994
4	74	507.95767540219333
4	75	144.77914214416384
4	76	757.099729229908
4	77	127.47548783981962
4	78	484.1487374764082
4	79	803.3554630423571
4	80	409.29451498890137
4	81	268.3915050816624
4	82	103.24727599312246
4	83	650.6996234822947
4	84	312.23388669393336
4	85	1018.9823354700512
4	86	331.4407941095966
4	87	752.7343488907624
4	88	670.4662556758543
4	89	358.8606972071475
4	90	584.5237377557904
4	91	172.00290695217916
4	92	632.3448426293995
4	93	779.8063862267352
4	94	635.1259717567847
4	95	774.5566473796478
4	96	377.11536696347974
4	97	805.1117934796384
4	98	415.63686073302017
4	99	131.03434664239754
5	0	456.82600626496736
5	1	571.4341606869509
5	2	443.12526445690276
5	3	688.5608179384011
5	4	592.8389325946804
5	5	0.0
5	6	81.40024569987489
5	7	566.5792089372853
5	8	725.2151404928057
5	9	871.9644488165787
5	10	561.936829189901
5	11	682.5840607573547
5	12	315.75306807693886
5	13	672.3481241142865
5	14	661.1051353604811
5	15	373.2773767588923
5	16	218.8332698654389
5	17	167.28717822953436
5	18	109.4440496326776
5	19	665.800270351402
5	20	332.0195777360124
5	21	430.01046498893487
5	22	705.7797106746552
5	23	643.5254462723288
5	24	794.8333158593693
5	25	688.163498014825
5	26	582.5495687063891
5	27	467.27293951180184
5	28	443.63949328255256
5	29	341.3912711244973
5	30	216.39316070523117
5	31	800.7608881557591
5	32	706.8182227418871
5	33	381.0472411657116
5	34	323.76071410842917
5	35	434.0656632354142
5	36	747.7753673396844
5	37	489.800979990853
5	38	155.11608556174951
5	39	719.5338768953134
5	40	193.19679086361657
5	41	785.8002290658867
5	42	455.10548227855924
5	43	1011.2368664165681
5	44	841.7083818045297
5	45	525.1475982997542
5	46	605.1586568826393
5	47	217.68095920406083
5	48	750.8928019364681
5	49	253.03161857759991
5	50	502.8717530345088
5	51	681.6010563372096
5	52	155.502411556863
5	53	428.37016702847086
5	54	425.38688273147307
5	55	714.849634538621
5	56	561.0151513105507
5	57	606.3373648390804
5	58	293.21152774063984
5	59	779.0981966350583
5	60	430.5275833207438
5	61	223.03362975121038
5	62	43.93176527297759
5	63	535.7312759210536
5	64	511.97656196353364
5	65	678.122407829147
5	66	913.5097153287425
5	67	713.7177313196023
5	68	593.3177900585823
5	69	754.3374576408095
5	70	258.00193797721755
5	71	379.38107491017524
5	72	654.988549518234
5	73	251.01792764661252
5	74	97.082439194738
5	75	507.35096333800334
5	76	994.8155607950652
5	77	599.256205641627
5	78	413.01089574005186
5	79	219.6041893953756
5	80	558.5875043357129
5	81	388.51512197081854
5	82	549.1538946415659
5	83	782.276166069247
5	84	795.0974783006169
5	85	621.9686487275706
5	86	325.4243383645421
5	87	334.5220471060166
5	88	345.36502428589955
5	89	416.4912964276685
5	90	526.3705918837031
5	91	624.9455976323059
5	92	375.8324094593227
5	93	317.04258389055565
5	94	42.2965719651132
5	95	246.9817807045694
5	96	315.6865534038471
5	97	326.4613300224086
5	98	202.03960007879644
5	99	539.102958626643
6	0	490.61593940678284
6	1	649.2495668077107
6	2	491.24535621214784
6	3	767.3551980667102
6	4	652.8859012109236
6	5	81.40024569987489
6	6	0.0
6	7	639.2386095973866
6	8	773.2173045140673
6	9	951.7142428271209
6	10	592.8684508388012
6	11	729.4497926519687
6	12	396.00252524447365
6	13	749.353054307514
6	14	708.9386433253586
6	15	402.0472609034913
6	16	273.6603734558586
6	17	161.8919392681427
6	18	39.84971769034255
6	19	742.5038720437759
6	20	403.0397002777766
6	21	505.20193982208735
6	22	787.1270545471042
6	23	712.166413136705
6	24	874.4426796537324
6	25	767.8990819111584
6	26	612.3152782676584
6	27	540.2684517904039
6	28	485.09998969284675
6	29	403.16001785891416
6	30	221.38653978957257
6	31	877.9794986216933
6	32	746.1970249203624
6	33	394.06217783491985
6	34	401.99129343805447
6	35	508.1269526407746
6	36	821.1516303338866
6	37	554.3978715687858
6	38	105.47511554864494
6	39	795.1157148491029
6	40	172.86121600868137
6	41	859.8139333600031
6	42	521.8898351184855
6	43	1092.5538888311185
6	44	921.7228433753826
6	45	596.1962764056817
6	46	656.4030773846205
6	47	294.2329009475317
6	48	804.4090998988015
6	49	301.8095425926755
6	50	577.6313703392502
6	51	722.6631303726516
6	52	123.79418403139947
6	53	491.0162930086944
6	54	484.6483261087363
6	55	792.9337929486925
6	56	588.4114206913391
6	57	668.249205012621
6	58	330.49205739321485
6	59	860.4045560083931
6	60	490.893063711436
6	61	300.6559495503124
6	62	39.395431207184416
6	63	580.3602329588064
6	64	592.7984480411534
6	65	742.0673823851847
6	66	994.6386278443041
6	67	778.185710483044
6	68	664.6081552313362
6	69	832.4403882561201
6	70	181.34221791960084
6	71	391.3719458520245
6	72	702.1395872616783
6	73	306.33968074671617
6	74	176.207264322445
6	75	577.440040177333
6	76	1076.0018587344541
6	77	646.8461950108388
6	78	493.5787677767349
6	79	198.4943324127921
6	80	639.8515452821849
6	81	428.1892105132963
6	82	617.122354156775
6	83	862.6992523469578
6	84	869.4929556931442
6	85	655.6256553857544
6	86	403.1488558832829
6	87	381.755157136089
6	88	409.5180093719933
6	89	435.72583122876705
6	90	604.4700157989641
6	91	697.1950946471153
6	92	446.3630809105968
6	93	353.8841618383055
6	94	58.69412236331676
6	95	267.0318333083155
6	96	340.14702703389895
6	97	357.1064267133819
6	98	243.7580767892625
6	99	587.205245208181
7	0	779.3753909381537
7	1	452.18690825807863
7	2	697.6216739752285
7	3	483.1976821136459
7	4	695.2769232471333
7	5	566.5792089372853
7	6	639.2386095973866
7	7	0.0
7	8	880.6525989287717
7	9	366.08468965527635
7	10	412.35057899801717
7	11	857.6485294105039
7	12	282.85685425670704
7	13	140.4563989286355
7	14	835.5501181856179
7	15	748.4089791016673
7	16	584.5784806165892
7	17	560.3936116695122
7	18	647.5940086195981
7	19	521.7911459578439
7	20	499.50875868196744
7	21	141.01418368376991
7	22	320.73197533142843
7	23	98.37174391053561
7	24	524.8275907381394
7	25	452.62014979450487
7	26	427.35465365431554
7	27	500.89919145472777
7	28	734.0980860893181
7	29	257.4490240804964
7	30	527.7745730896858
7	31	595.2898453694637
7	32	408.78845384868686
7	33	807.0892143994987
7	34	255.54842985234717
7	35	478.63660536987766
7	36	182.1318203939114
7	37	600.800299600458
7	38	641.4210785435727
7	39	165.3027525481654
7	40	733.5100544641498
7	41	221.61678636782008
7	42	137.56816492197603
7	43	559.3174411727208
7	44	543.5374872076442
7	45	48.82622246293481
7	46	773.2328239282137
7	47	350.43544341290595
7	48	856.7590092902437
7	49	375.47436663506073
7	50	486.11521268110914
7	51	381.3659659696969
7	52	610.8035690792908
7	53	592.9460346439632
7	54	210.6418761785035
7	55	518.021235085976
7	56	437.0560604773717
7	57	151.47607071745688
7	58	674.1253592619106
7	59	418.5235955116509
7	60	199.90497742677644
7	61	347.2463102755737
7	62	608.7446098323993
7	63	772.3651985945509
7	64	205.8834621818858
7	65	710.1225246392344
7	66	455.79820096178526
7	67	727.8358331382153
7	68	34.20526275297414
7	69	228.17756243767704
7	70	820.5321444038618
7	71	809.0302837347932
7	72	316.21827904155066
7	73	355.51933843322786
7	74	505.3602675319855
7	75	550.8402672281684
7	76	532.024435529046
7	77	794.8333158593693
7	78	225.32199182503248
7	79	596.8802224902413
7	80	311.58947350640716
7	81	711.9353903269594
7	82	593.4930496644422
7	83	310.0580590792634
7	84	647.9506154021308
7	85	413.2178602141974
7	86	423.869083562366
7	87	330.87913201046695
7	88	244.03483357914297
7	89	811.3722943261004
7	90	112.29425630903836
7	91	577.1698190307598
7	92	193.89172236070317
7	93	387.19504129056196
7	94	580.7727610692499
7	95	475.5333847376018
7	96	729.0006858707336
7	97	411.76813864115326
7	98	625.0823945689081
7	99	752.8532393501405
8	0	301.10629352439645
8	1	448.41275628599146
8	2	282.4694673765644
8	3	496.95170791536674
8	4	185.39956850003725
8	5	725.2151404928057
8	6	773.2173045140673
8	7	880.6525989287717
8	8	0.0
8	9	907.0661497377134
8	10	1158.4990289162956
8	11	45.0111097397076
8	12	669.6334818391326
8	13	865.533939253684
8	14	64.28841264178172
8	15	390.1550973651376
8	16	506.4632267006164
8	17	887.4739432794632
8	18	813.0098400388522
8	19	430.359152336743
8	20	442.6036601746533
8	21	782.6889548217733
8	22	700.5269445210513
8	23	976.5459538598274
8	24	570.4042426209679
8	25	532.2800015029684
8	26	1180.2783569988903
8	27	382.1060062338722
8	28	290.90376415577714
8	29	860.0796474745813
8	30	924.143387142926
8	31	490.404934722317
8	32	1242.3159823490962
8	33	440.8446438372593
8	34	709.9577452215026
8	35	409.6461888019953
8	36	979.9515294135725
8	37	288.7801932266131
8	38	874.6027669748136
8	39	922.7524044942934
8	40	651.0007680487021
8	41	994.5979087048192
8	42	883.4568467106925
8	43	891.966927638015
8	44	613.3596008867881
8	45	878.3740661016808
8	46	123.4908903522847
8	47	718.8017807434815
8	48	72.00694410957877
8	49	868.7462230133723
8	50	394.82781057063346
8	51	1212.5893781490913
8	52	880.3862788571844
8	53	324.0061727807049
8	54	921.5297065206308
8	55	482.12550233315807
8	56	1170.6686123749967
8	57	1018.0019646346465
8	58	444.81231997326694
8	59	679.1207550944088
8	60	917.5320157901848
8	61	708.6162572224829
8	62	742.7200010771219
8	63	194.17775361765828
8	64	678.1777053250865
8	65	202.12125073826354
8	66	851.0094006531302
8	67	211.00236965494014
8	68	913.6635047981287
8	69	886.9374273306996
8	70	838.6894538504702
8	71	446.04147789191086
8	72	1157.3508543220591
8	73	845.0047337145514
8	74	651.4967382880747
8	75	330.1030142243479
8	76	900.2071983715749
8	77	126.38433447227548
8	78	668.6202210522802
8	79	943.1887403908086
8	80	590.6987387831465
8	81	348.05890306096177
8	82	287.6473535424931
8	83	819.7469121625284
8	84	415.76555893916947
8	85	1197.8923156945286
8	86	505.4463374088292
8	87	924.0963153264923
8	88	847.5399695589583
8	89	391.4690281490989
8	90	769.7668478182209
8	91	333.3976604596979
8	92	812.9335766223462
8	93	946.626114154897
8	94	766.5454976712081
8	95	930.5895980506123
8	96	451.8683436577517
8	97	970.4813238800631
8	98	529.4988196398552
8	99	186.30351580150065
9	0	927.2583243088195
9	1	475.94642555649057
9	2	831.9483157023639
9	3	410.8357335967747
9	4	742.1724866902572
9	5	871.9644488165787
9	6	951.7142428271209
9	7	366.08468965527635
9	8	907.0661497377134
9	9	0.0
9	10	759.5241931630618
9	11	901.5680784056188
9	12	556.3326343115241
9	13	225.94247055390008
9	14	884.4715936648277
9	15	931.1551965166709
9	16	812.5872260871445
9	17	904.5623251053518
9	18	968.8611871676974
9	19	476.8731487513215
9	20	676.970457257922
9	21	461.4293011935848
9	22	214.34784813475503
9	23	369.2654871498283
9	24	364.6505176192679
9	25	374.9093223700899
9	26	770.7463914933368
9	27	599.0008347239593
9	28	876.644739903229
9	29	613.6529964075788
9	30	880.5112151472007
9	31	458.1702740248433
9	32	705.868259663232
9	33	1004.0542814011601
9	34	550.8729436085965
9	35	598.5791509900758
9	36	243.34748817277733
9	37	691.876434054521
9	38	976.4655651890649
9	39	214.04905979704745
9	40	1004.0403378350892
9	41	215.7405849625888
9	42	501.7977680301099
9	43	207.40781084616847
9	44	345.36502428589955
9	45	413.9685978428799
9	46	835.038322473885
9	47	659.7491947702551
9	48	857.4951894908799
9	49	728.06112380761
9	50	560.5943274775441
9	51	685.1233465588514
9	52	949.6130791011674
9	53	718.7774342590341
9	54	576.5171289736325
9	55	430.2650346007679
9	56	785.8574934426724
9	57	469.11512446306824
9	58	878.8998805324757
9	59	234.00854685246006
9	60	565.7561312084916
9	61	652.1058196335929
9	62	915.8951905103553
9	63	874.5753255151897
9	64	364.1785276481852
9	65	706.0028328555063
9	66	119.50732195141852
9	67	705.4395792695502
9	68	363.0647325202491
9	69	138.23530663329106
9	70	1129.4162208858168
9	71	1007.5733223939586
9	72	622.0289382335841
9	73	704.230076040494
9	74	789.8259301896843
9	75	625.3870801351752
9	76	176.0113632695344
9	77	867.0467115444243
9	78	460.10868281309365
9	79	947.6919330668591
9	80	366.3686667825184
9	81	877.9350773263362
9	82	646.3745044476925
9	83	98.03060746521976
9	84	536.5389081883997
9	85	744.5031900536088
9	86	617.8357386878813
9	87	693.8825549039261
9	88	597.8503157145608
9	89	990.9233068204622
9	90	351.64755082326394
9	91	575.0069564796586
9	92	537.5872022286245
9	93	750.2972744186134
9	94	896.3732481505681
9	95	832.46741677978
9	96	935.2154831909061
9	97	775.9671384794591
9	98	862.8012517376177
9	99	847.4963126763444
10	0	962.4162301208349
10	1	799.2258754569949
10	2	909.9148311792703
10	3	864.2713694205079
10	4	982.1817550738764
10	5	561.936829189901
10	6	592.8684508388012
10	7	412.35057899801717
10	8	1158.4990289162956
10	9	759.5241931630618
10	10	0.0
10	11	1124.7301898677745
10	12	491.4275124573308
10	13	544.8825561531586
10	14	1101.3850371237118
10	15	897.1917297880092
10	16	714.2807571256558
10	17	438.91912694709487
10	18	574.913036902104
10	19	887.2457382258874
10	20	718.4218816266665
10	21	413.1755075025624
10	22	730.2013420968219
10	23	390.6635380989631
10	24	925.0021621596352
10	25	839.5439238062532
10	26	22.02271554554524
10	27	789.9170842563161
10	28	931.0021482252337
10	29	298.4979061903115
10	30	378.9630588856914
10	31	984.673042182023
10	32	166.90416411821485
10	33	926.6887287541593
10	34	452.01769876853274
10	35	757.0006605016933
10	36	524.7446998303079
10	37	871.5560796644127
10	38	527.5016587651645
10	39	545.475938974397
10	40	753.722760701838
10	41	562.072059437222
10	42	312.47399891831
10	43	962.6551822953014
10	44	949.4472075897638
10	45	374.7118893229837
10	46	1037.174045182389
10	47	447.3611516437251
10	48	1155.3895446991028
10	49	317.5531451584128
10	50	795.5758920429904
10	51	153.0261415575783
10	52	492.7961038807024
10	53	836.0023923410746
10	54	248.65437860612872
10	55	899.7027286832024
10	56	26.92582403567252
10	57	291.1219675668602
10	58	811.2373265574015
10	59	828.5801107919499
10	60	255.9785147234041
10	61	455.8826603414523
10	62	585.2836918965024
10	63	1001.960578066822
10	64	571.4551600956981
10	65	1028.6928598955083
10	66	861.4481992551845
10	67	1055.038387927188
10	68	403.3174928018868
10	69	624.0208329855662
10	70	740.3890868995842
10	71	926.1949038944233
10	72	174.72549899771354
10	73	331.8870289722092
10	74	570.0035087611303
10	75	844.9094626053137
10	76	933.2743433739084
10	77	1047.2253816633743
10	78	521.4604491234211
10	79	432.3343613454753
10	80	682.1737315376487
10	81	887.7865734510744
10	82	893.8282832848824
10	83	718.7579564777005
10	84	1024.742406656424
10	85	65.37583651472461
10	86	653.0696746902278
10	87	243.24884377936928
10	88	311.7242371070944
10	89	952.340275321799
10	90	494.06983312078466
10	91	913.7931932335675
10	92	355.87778801155883
10	93	245.3263133053607
10	94	545.2338947644396
10	95	326.54708695684303
10	96	851.7258948746363
10	97	236.47832881682837
10	98	728.5746358472823
10	99	992.3794637133519
11	0	256.1581542719263
11	1	435.1781244502072
11	2	239.47651241823277
11	3	494.0010121447121
11	4	165.38742394752995
11	5	682.5840607573547
11	6	729.4497926519687
11	7	857.6485294105039
11	8	45.0111097397076
11	9	901.5680784056188
11	10	1124.7301898677745
11	11	0.0
11	12	637.9694350045306
11	13	849.0848014185626
11	14	23.345235059857504
11	15	345.14489710844634
11	16	464.05279872014563
11	17	845.6192996851479
11	18	769.2678337224298
11	19	427.0
11	20	406.96437190496175
11	21	755.1688552899941
11	22	692.1416040088907
11	23	954.3877618662134
11	24	574.3248209854768
11	25	528.1855734493323
11	26	1146.5866735663728
11	27	356.9719876965138
11	28	246.27017683836587
11	29	826.6589381359158
11	30	883.246851112417
11	31	498.663213000518
11	32	1212.3881391699606
11	33	396.2953444086872
11	34	678.4054834684048
11	35	382.1884351991829
11	36	963.5688870028961
11	37	259.6998267230843
11	38	831.2352254326088
11	39	906.9785002964513
11	40	606.0660030062733
11	41	979.8576427216353
11	42	854.6355948590019
11	43	896.8372204586516
11	44	619.3448151070613
11	45	853.2344343731095
11	46	87.72684879784524
11	47	682.643391530307
11	48	105.152270541344
11	49	831.4577559924497
11	50	374.09223461601016
11	51	1182.68888554852
11	52	837.5452226596484
11	53	288.7801932266131
11	54	890.171331823262
11	55	482.2001659062344
11	56	1136.2803351286161
11	57	992.2993499947484
11	58	400.48470632472345
11	59	677.0265873656662
11	60	886.5353912845217
11	61	672.714649758722
11	62	699.3375436797312
11	63	149.64290828502365
11	64	657.3682377480676
11	65	204.56050449683585
11	66	850.9882490375528
11	67	220.77137495608437
11	68	891.0202017911828
11	69	874.7045215385593
11	70	793.6863360295426
11	71	401.5133870744536
11	72	1128.5162825586524
11	73	808.2357329393449
11	74	610.4506532063014
11	75	307.2751210234893
11	76	903.4782786542243
11	77	83.38465086573187
11	78	642.0848853539538
11	79	901.0199775809635
11	80	574.6590293382677
11	81	303.48805577814755
11	82	268.53118999475646
11	83	812.0572639906621
11	84	427.2434902956393
11	85	1165.4801585612686
11	86	472.4002540219469
11	87	888.585392632582
11	88	814.5980603954321
11	89	347.0705980056507
11	90	747.7412654120408
11	91	326.6129207487052
11	92	782.1438486621244
11	93	909.6026605062234
11	94	723.7306128664173
11	95	890.9887765847559
11	96	406.8967928111501
11	97	933.0058949438637
11	98	485.84462536905767
11	99	143.54441821262157
12	0	512.3768144637304
12	1	332.77770358003255
12	2	440.98526052465746
12	3	428.46703490467036
12	4	491.03360373807413
12	5	315.75306807693886
12	6	396.00252524447365
12	7	282.85685425670704
12	8	669.6334818391326
12	9	556.3326343115241
12	10	491.4275124573308
12	11	637.9694350045306
12	12	0.0
12	13	364.1647978594307
12	14	614.7064339991896
12	15	471.1899829155964
12	16	302.026488904533
12	17	375.2932186970609
12	18	415.5309856075717
12	19	429.57886353962994
12	20	239.63513932643517
12	21	144.1700384962146
12	22	396.4454565258631
12	23	376.06515392947534
12	24	520.5573935696236
12	25	416.51530584121394
12	26	512.9054493763933
12	27	298.9916386790774
12	28	471.39367836236414
12	29	194.1957775030137
12	30	371.4969717238621
12	31	551.0734978203906
12	32	575.6005559413577
12	33	526.0998004181336
12	34	40.45985664828782
12	35	265.6332057556058
12	36	453.10043036836765
12	37	381.27811371753296
12	38	432.0567092408125
12	39	416.20307543313515
12	40	459.46164148925425
12	41	487.6822736167473
12	42	224.69757453074567
12	43	700.0714249274855
12	44	561.2316812155208
12	45	254.6369965264278
12	46	550.262664552121
12	47	113.3181362359971
12	48	664.0632499995764
12	49	244.59149617270018
12	50	308.70698080866265
12	51	546.0036629913759
12	52	410.23529833499214
12	53	351.6205340989061
12	54	252.21022976873877
12	55	461.0531422732091
12	56	505.7133575455566
12	57	378.1600190395595
12	58	393.55939831237674
12	59	478.22379698212427
12	60	248.79308672067236
12	61	102.85912696499032
12	62	359.6804137008297
12	63	526.6080136116426
12	64	197.71696942852427
12	65	539.2160976825525
12	66	600.3332407921454
12	67	567.23628233744
12	68	315.2681398428963
12	69	441.955880150949
12	70	573.0942330891143
12	71	527.7973095801077
12	72	494.7019304591402
12	73	215.67104580819372
12	74	235.8156059297179
12	75	353.89970330589426
12	76	682.0219937802592
12	77	563.7942887259501
12	78	97.94896630388705
12	79	428.1798687467686
12	80	264.5600120955546
12	81	440.98526052465746
12	82	403.00124069287926
12	83	466.69904649570475
12	84	570.312195205398
12	85	528.3795983949418
12	86	166.82026255823962
12	87	271.31715758499314
12	88	179.836036433191
12	89	533.6525086608326
12	90	216.04166264866598
12	91	433.07389669662615
12	92	145.08618128546908
12	93	310.00645154577023
12	94	341.9897659287482
12	95	342.8410710518797
12	96	447.49301670528894
12	97	338.3208536286228
12	98	342.3448553724738
12	99	512.6753358608155
13	0	813.177717353347
13	1	418.35989291517893
13	2	723.5938087076202
13	3	413.73421420037283
13	4	683.7031519599716
13	5	672.3481241142865
13	6	749.353054307514
13	7	140.4563989286355
13	8	865.533939253684
13	9	225.94247055390008
13	10	544.8825561531586
13	11	849.0848014185626
13	12	364.1647978594307
13	13	0.0
13	14	828.5408861365866
13	15	797.2578002127041
13	16	651.4506888475904
13	17	687.0465777514651
13	18	762.3398192407373
13	19	465.4653585391721
13	20	539.1372737995398
13	21	246.00203251192866
13	22	216.0671192014185
13	23	167.44252745345193
13	24	428.78899239602686
13	25	378.4930646656554
13	26	558.1755996100152
13	27	503.24149272491434
13	28	764.5887783638993
13	29	390.1281840626232
13	30	659.2192351562567
13	31	510.5389309347525
13	32	516.6236541235796
13	33	863.3799858694896
13	34	349.0
13	35	489.8132297110808
13	36	114.49017425089369
13	37	604.6428698000168
13	38	763.4166621184005
13	39	59.30430001273095
13	40	823.454309600721
13	41	135.18135966175217
13	42	275.9365869180816
13	43	420.0809445809224
13	44	437.3751250357066
13	45	188.04254837669055
13	46	770.0448038913061
13	47	455.18018410295497
13	48	830.9921780618636
13	49	506.3328944479116
13	50	476.94444120882673
13	51	492.0
13	52	734.7006193001337
13	53	611.948527247186
13	54	350.6023388398885
13	55	445.62091512854283
13	56	570.4752404793744
13	57	262.08586379276545
13	58	731.7410744245535
13	59	306.54526582545685
13	60	339.83819679370947
13	61	449.3239365980851
13	62	715.8449552801221
13	63	786.1628330059874
13	64	206.0
13	65	678.4762339242252
13	66	317.35154009394694
13	67	689.6557112066861
13	68	141.7956275771577
13	69	89.04493247793498
13	70	929.968279028914
13	71	866.068126650554
13	72	426.39183857104956
13	73	483.86981720293323
13	74	599.3037627113649
13	75	545.2788277569559
13	76	392.186180276664
13	77	796.4923100695951
13	78	278.44209451877066
13	79	727.3857298572746
13	80	274.83813418083014
13	81	752.4493338424853
13	82	580.5945228815029
13	83	174.01149387324966
13	84	574.2334020239506
13	85	538.0752735445107
13	86	468.35990434707367
13	87	468.47945525924615
13	88	375.0
13	89	859.8540573841586
13	90	148.14182393908885
13	91	540.8262197785903
13	92	317.3168763239674
13	93	524.9152312516756
13	94	692.0585235368466
13	95	609.3701666474984
13	96	788.3007040463683
13	97	550.2953752304302
13	98	697.5213258388592
13	99	762.954782408499
14	0	240.30397416605493
14	1	415.9627387158614
14	2	218.22007240398395
14	3	478.3387920710592
14	4	145.27904184706065
14	5	661.1051353604811
14	6	708.9386433253586
14	7	835.5501181856179
14	8	64.28841264178172
14	9	884.4715936648277
14	10	1101.3850371237118
14	11	23.345235059857504
14	12	614.7064339991896
14	13	828.5408861365866
14	14	0.0
14	15	328.05487345869443
14	16	442.4160937398186
14	17	823.6995811580822
14	18	748.7282551099564
14	19	411.3514312604248
14	20	383.64175997928066
14	21	732.3202851212029
14	22	674.184692795676
14	23	932.4403466174123
14	24	561.3448138176748
14	25	512.0087889870641
14	26	1123.2417371162808
14	27	334.7177915797127
14	28	227.27076362788065
14	29	803.3181188047485
14	30	860.9123068001758
14	31	487.8216887347261
14	32	1189.226639459443
14	33	381.9227670616142
14	34	655.1465484912517
14	35	359.48435292791254
14	36	943.001590666739
14	37	236.86494041964082
14	38	810.3264774151219
14	39	886.5963004660013
14	40	587.9838433154434
14	41	959.7385060525602
14	42	831.6086820133614
14	43	883.875556851755
14	44	607.1976613920709
14	45	830.7394296649221
14	46	64.4437739428721
14	47	659.3671208060044
14	48	113.29607230614837
14	49	808.2951193716315
14	50	352.82290175100593
14	51	1159.53093964758
14	52	816.2162703597619
14	53	265.4373749116729
14	54	866.9129137347072
14	55	467.7884137085911
14	56	1112.9393514473284
14	57	969.6891254417573
14	58	380.76370625362915
14	59	661.4000302388865
14	60	863.3018012259676
14	61	649.4212808339437
14	62	678.4408596185816
14	63	130.5526713629407
14	64	635.8144383387341
14	65	193.00259065618783
14	66	836.0143539437586
14	67	212.47352776287215
14	68	868.986766297393
14	69	855.3695107963575
14	70	776.1861890036437
14	71	387.1976239596519
14	72	1105.4673219955441
14	73	785.0159234053791
14	74	588.1538914263851
14	75	285.616876252087
14	76	889.823578019823
14	77	62.0966987850401
14	78	619.4077816753677
14	79	879.2690145797246
14	80	554.4005772002768
14	81	284.2885857715712
14	82	247.98790293076797
14	83	794.2442949118363
14	84	418.186561237924
14	85	1142.1615472427707
14	86	449.08017101626746
14	87	865.27741216329
14	88	791.2679697801498
14	89	333.2221481234403
14	90	725.8774001165762
14	91	310.01451578918045
14	92	758.9321445294039
14	93	886.4129962946166
14	94	702.3795270364876
14	95	868.2511157493551
14	96	389.15549591390845
14	97	909.8708699590288
14	98	465.213929284152
14	99	122.06555615733703
15	0	91.00549433962765
15	1	482.0840175737005
15	2	139.9428454762872
15	3	594.9554605178441
15	4	327.8078705583501
15	5	373.2773767588923
15	6	402.0472609034913
15	7	748.4089791016673
15	8	390.1550973651376
15	9	931.1551965166709
15	10	897.1917297880092
15	11	345.14489710844634
15	12	471.1899829155964
15	13	797.2578002127041
15	14	328.05487345869443
15	15	0.0
15	16	183.412104289766
15	17	540.4044781457682
15	18	441.4272306960684
15	19	541.215299118567
15	20	258.6600085053737
15	21	614.47945449787
15	22	721.7929065874782
15	23	844.7017225032752
15	24	704.46007693836
15	25	614.723515086254
15	26	919.0190422401486
15	27	343.83717076546566
15	28	106.3202708800161
15	29	618.9830369242763
15	30	588.430114796991
15	31	666.1005930037895
15	32	1018.3123292978437
15	33	77.62087348130012
15	34	506.6448460213525
15	35	335.4891950570092
15	36	902.6405707700047
15	37	280.7650263120391
15	38	507.2445169738161
15	39	855.5495310033195
15	40	262.070601174569
15	41	931.27117425592
15	42	691.2575496875243
15	43	1000.8156673433924
15	44	756.2889659382847
15	45	724.930341481166
15	46	290.0706810417075
15	47	458.4288385344011
15	48	436.4309796519949
15	49	581.0654007940931
15	50	388.2782507429434
15	51	989.9838382519181
15	52	520.1701644654372
15	53	227.26416347501865
15	54	698.8633628972118
15	55	604.5510731112798
15	56	902.2294608357677
15	57	848.0996403725213
15	58	85.98255637046388
15	59	753.7174536920318
15	60	699.120876529946
15	61	452.76925690687085
15	62	378.33582965402576
15	63	198.8164983093707
15	64	592.3917622654792
15	65	427.9836445473121
15	66	924.4436164526206
15	67	463.42744847494737
15	68	782.0498705325639
15	69	854.7356316429075
15	70	448.5900132637819
15	71	82.3286098510111
15	72	948.0052742469315
15	73	565.305227288763
15	74	330.037876614185
15	75	340.9296115036064
15	76	995.9809235120922
15	77	268.9014689435519
15	78	527.0464875131984
15	79	590.4930143532606
15	80	564.825636811928
15	81	62.289646009589745
15	82	352.24139450098704
15	83	833.145845575671
15	84	624.0929417963321
15	85	949.6362461490189
15	86	329.38882798297817
15	87	654.2698220153517
15	88	612.9804238309736
15	89	63.0317380372777
15	90	659.0917993724395
15	91	453.3001213324347
15	92	605.8993315724981
15	93	657.732468409459
15	94	410.0256089563187
15	95	611.045006525706
15	96	63.324560795950255
15	97	675.0740700100989
15	98	173.95401691251627
15	99	216.51789764358972
16	0	251.76576415390556
16	1	417.6038792923265
16	2	224.80213522117623
16	3	538.8023756443544
16	4	379.2967176235513
16	5	218.8332698654389
16	6	273.6603734558586
16	7	584.5784806165892
16	8	506.4632267006164
16	9	812.5872260871445
16	10	714.2807571256558
16	11	464.05279872014563
16	12	302.026488904533
16	13	651.4506888475904
16	14	442.4160937398186
16	15	183.412104289766
16	16	0.0
16	17	381.9960732782472
16	18	312.54119728445403
16	19	500.78538317327116
16	20	154.80633061990713
16	21	446.0100895719737
16	22	615.7247761784481
16	23	678.0066371356552
16	24	650.4398511776474
16	25	548.2928049865327
16	26	736.1548750093284
16	27	289.0674661735561
16	28	229.71286424577968
16	29	436.389734068069
16	30	422.62276322980995
16	31	636.1965105217098
16	32	835.2293098305399
16	33	226.2144999773445
16	34	333.7259354620195
16	35	263.20524310887123
16	36	749.6665925596525
16	37	283.83269720030495
16	38	370.46592285930967
16	39	707.5203177294628
16	40	211.69081227110448
16	41	781.7224571419193
16	42	514.5804115976433
16	43	913.616987582871
16	44	701.0684702652088
16	45	556.1762310635003
16	46	386.4000517598309
16	47	275.7698315624826
16	48	532.7813810560575
16	49	399.20045090154895
16	50	332.02409551115414
16	51	807.021684962678
16	52	374.22586762542215
16	53	219.20994502987313
16	54	517.3490117899134
16	55	558.3063675080198
16	56	719.8624868681518
16	57	672.7770804657364
16	58	98.08669634563088
16	59	667.82782212184
16	60	518.1061667264731
16	61	270.7027890510181
16	62	239.5704489289111
16	63	318.4211048281819
16	64	454.35668807666957
16	65	469.895733115337
16	66	826.1162145848489
16	67	506.2815422272473
16	68	617.234153300026
16	69	718.8108235133915
16	70	387.76926128820475
16	71	227.40712389896672
16	72	766.1083474287433
16	73	382.4682993399584
16	74	152.50245899656832
16	75	315.9572755927611
16	76	903.4079919947576
16	77	380.67834191085785
16	78	373.451469403991
16	79	437.00114416326187
16	80	456.0043859438196
16	81	178.39282496782207
16	82	350.48823090083926
16	83	715.6675205708304
