3
0 1259
1 1658
2 832
3 1606
4 862
5 800
6 2013
7 763
8 2110
9 1391
0	0	0.0
0	1	400.7043798113517
0	2	556.7773343087881
0	3	451.80637445702337
0	4	710.8136183276176
0	5	996.0747963883034
0	6	212.59586073110643
0	7	732.1693793105527
0	8	213.52751579129094
0	9	563.2237566012286
1	0	400.7043798113517
1	1	0.0
1	2	412.1710809845834
1	3	93.02150289046077
1	4	392.65761166695853
1	5	619.1582996294243
1	6	512.937618039465
1	7	510.86201659547953
1	8	462.6726704701716
1	9	241.05808428675442
2	0	556.7773343087881
2	1	412.1710809845834
2	2	0.0
2	3	498.3813800695207
2	4	770.275924588066
2	5	602.742067554605
2	6	494.1457274934187
2	7	186.06719216455113
2	8	433.01847535642173
2	9	252.3529274646918
3	0	451.80637445702337
3	1	93.02150289046077
3	2	498.3813800695207
3	3	0.0
3	4	301.24574685794323
3	5	622.0369763928829
3	6	588.0578202864069
3	7	581.2099448564176
3	8	541.8053155885424
3	9	300.2165884823822
4	0	710.8136183276176
4	1	392.65761166695853
4	2	770.275924588066
4	3	301.24574685794323
4	4	0.0
4	5	661.5081254225075
4	6	875.7539608817079
4	7	808.5641594827216
4	8	834.7275004455047
4	9	532.3692327698888
5	0	996.0747963883034
5	1	619.1582996294243
5	2	602.742067554605
5	3	622.0369763928829
5	4	661.5081254225075
5	5	0.0
5	6	1033.6469416585144
5	7	473.27053574039445
5	8	971.2986152569147
5	9	440.21812775032333
6	0	212.59586073110643
6	1	512.937618039465
6	2	494.1457274934187
6	3	588.0578202864069
6	4	875.7539608817079
6	5	1033.6469416585144
6	6	0.0
6	7	680.2124668072469
6	8	63.06346010171025
6	9	595.2696867807061
7	0	732.1693793105527
7	1	510.86201659547953
7	2	186.06719216455113
7	3	581.2099448564176
7	4	808.5641594827216
7	5	473.27053574039445
7	6	680.2124668072469
7	7	0.0
7	8	619.0008077539156
7	9	283.83269720030495
8	0	213.52751579129094
8	1	462.6726704701716
8	2	433.01847535642173
8	3	541.8053155885424
8	4	834.7275004455047
8	5	971.2986152569147
8	6	63.06346010171025
8	7	619.0008077539156
8	8	0.0
8	9	533.5737999564822
9	0	563.2237566012286
9	1	241.05808428675442
9	2	252.3529274646918
9	3	300.2165884823822
9	4	532.3692327698888
9	5	440.21812775032333
9	6	595.2696867807061
9	7	283.83269720030495
9	8	533.5737999564822
9	9	0.0
